acc_x,acc_y,acc_z,gyro_x,gyro_y,gyro_z,label
0.0,0.0,0.0,0.0,0.10842858,0.0036651916,1
0.008360668085515499,0.28439125418663025,-0.0538632981479168,-0.0006901860469952227,0.093767814,0.003970624,1
0.024738458916544914,0.9629757404327391,-0.1855478435754776,-0.0008426463464275002,0.087659165,0.010995574,1
0.04174363613128662,1.9074841737747192,-0.36747851967811584,-0.00025189644657075405,0.08032878,0.0036651916,1
0.06079613044857979,2.9694817066192627,-0.5619450807571411,0.000935229705646634,0.058337633,-0.008246681,1
0.0809045359492302,4.020559310913087,-0.7555058598518372,-0.00011639406875474377,0.02443461,0.0009162979,1
0.10470013320446014,4.9871864318847665,-0.9442911744117736,-0.003118411637842655,0.01740966,0.005497787,1
0.1307993233203888,5.836913585662843,-1.102292537689209,-0.005509016569703817,-0.004276057,0.014660766,1
0.1664751172065735,6.5565290451049805,-1.247229814529419,-0.007064578589051963,-0.02321288,0.0143553335,1
0.19219334423542025,7.151614665985107,-1.318272829055786,-0.011840227991342545,-0.01740966,0.024129177,1
0.21153301000595093,7.647087574005128,-1.4170355796813965,-0.014679587446153162,-0.018325957,0.016187929,1
0.22243501245975492,8.054320335388184,-1.4639436006546018,-0.014214036054909231,-0.03756821,0.011301007,1
0.24364499747753146,8.386853218078612,-1.5328798294067385,-0.013940202072262764,-0.0580322,0.0036651916,1
0.27184852957725525,8.652753829956055,-1.609461545944214,-0.015061246231198309,-0.052534413,0.0027488936,1
0.3036952018737793,8.856261253356934,-1.6623082160949707,-0.01606857404112816,-0.051618114000000014,0.019242255,1
0.3423787951469421,9.010786056518556,-1.7109743356704712,-0.01707967184484005,-0.063224554,0.020463986,1
0.3714868426322937,9.137600898742676,-1.7645214796066284,-0.017973793670535088,-0.043982297,0.038789943,1
0.3774025738239288,9.236807823181152,-1.8127292394638064,-0.017132719978690147,-0.007330383,0.052534413,1
0.3649607002735138,9.31980800628662,-1.8621119260787964,-0.01732770539820194,0.06627888,0.04917465,1
0.3270266354084015,9.394143104553224,-1.9106309413909912,-0.01452620793133974,0.13805555,0.06078109,1
0.2479430139064789,9.471446990966797,-1.9607462882995603,-0.008660792373120785,0.101098195,0.08857546,1
0.16003486514091492,9.536669731140137,-2.0310828685760502,0.002853445243090391,0.0015271631,0.122783914,1
0.12892070412635806,9.563863754272461,-2.116741180419922,0.01771400310099125,-0.062002823,0.12217305,1
0.18974418938159945,9.565282821655273,-2.2118706703186035,0.03114238940179348,-0.043676864,0.08521569999999999,1
0.315244197845459,9.5504789352417,-2.310304880142212,0.03826550021767616,0.0061086523,0.07299839999999999,1
0.4705586731433869,9.508994102478027,-2.4113595485687256,0.038431178778409965,0.06719518,0.05681047,1
0.6364266872406006,9.452960014343262,-2.5060620307922363,0.04535743221640587,0.10873401,0.04428773,1
0.8053868412971497,9.396280288696287,-2.5791175365448,0.06468884646892548,0.16920967,0.04642576,1
0.9487840533256532,9.336012840270996,-2.620511770248413,0.09243635833263396,0.26450464,0.035124752999999995,1
1.0298225879669192,9.232545852661133,-2.6529974937438965,0.12331552803516388,0.36651915,0.038179077,1
1.0358655452728271,9.042701721191406,-2.704521656036377,0.16357529163360596,0.35277468,-0.0061086523,1
1.013141632080078,8.815438270568848,-2.8170490264892583,0.2331221699714661,0.204029,-0.1001819,1
1.0403221845626829,8.702936172485353,-3.0239994525909424,0.3315823376178741,0.1432479,-0.17684549,1
1.146785020828247,8.895575523376465,-3.2852153778076167,0.4243283271789551,0.14172074,-0.21594086,1
1.2485016584396362,9.246368408203123,-3.4794158935546875,0.4760841727256775,0.18997909,-0.20433442,1
1.364024996757507,9.532050132751463,-3.5376622676849365,0.5017107725143433,0.2910773,-0.15760323,1
1.488788604736328,9.65787410736084,-3.480391263961792,0.5049556493759155,0.2648101,-0.08704830000000001,1
1.5870375633239746,9.649015426635742,-3.4302165508270264,0.4718325138092041,0.17531833,-0.021991149,1
1.628567814826965,9.581144332885742,-3.5132112503051762,0.4072652459144592,0.16768251,0.06780604,1
1.6520074605941772,9.492964744567873,-3.7474639415740967,0.3298110365867615,0.28680122,0.056199603,1
1.674349665641785,9.375983238220217,-3.999678373336792,0.2638830840587616,0.4578435,0.04642576,1
1.6784206628799438,9.162251472473145,-4.1539268493652335,0.2095804363489151,0.52839845,0.040011674,1
1.6782492399215698,8.858628273010254,-4.207617282867432,0.1639152765274048,0.52015173,0.017104227,1
1.7062424421310425,8.546555519104004,-4.2335638999938965,0.14614105224609375,0.45081854,0.03176499,1
1.74786376953125,8.301945686340332,-4.3079986572265625,0.16770121455192566,0.34819320000000004,0.06597344599999999,1
1.7949508428573608,8.110767364501951,-4.412180423736572,0.21662531793117526,0.2761111,0.13652839,1
1.8860923051834104,7.950691223144531,-4.516727924346924,0.2766779661178589,0.28069258,0.19547687,3
2.0540938377380367,7.843334197998048,-4.602589130401611,0.3274117708206177,0.35277468,0.2012801,3
2.270724058151245,7.811064720153809,-4.671481132507324,0.3597013354301453,0.5158757,0.18051068,3
2.509716749191284,7.8676514625549325,-4.73870849609375,0.3697821199893952,0.73945236,0.14385876,3
2.751944065093994,8.001031875610353,-4.8390231132507315,0.3638243079185486,0.8335256,0.09987647,3
2.9980285167694087,8.163702964782715,-4.964725971221924,0.3624608814716339,0.7263188,0.009468411,3
3.190480709075928,8.357913970947267,-5.117172718048097,0.3590814173221588,0.65668017,-0.07299839999999999,3
3.3014471530914307,8.538663864135742,-5.2499117851257315,0.336673766374588,0.4914411,-0.17959438,3
3.2825798988342285,8.683707237243652,-5.393953323364258,0.2999339997768402,0.22876903,-0.36835176,3
2.959622621536255,8.850197792053223,-5.505488872528076,0.2250300496816635,-0.10140363,-0.52412236,3
2.299631118774414,9.013772010803224,-5.4700469970703125,0.12087129056453705,-0.29901853,-0.61453044,3
1.6701946258544922,9.194256782531738,-5.291393280029297,0.017911456525325775,-0.5925393,-0.6114761,3
1.3350687026977541,9.472597122192383,-5.049821853637695,-0.06965562701225281,-0.9111055,-0.4886922,3
1.3068132400512695,9.773306846618652,-4.83390474319458,-0.1723526269197464,-1.0213667,-0.34147367,3
1.40350604057312,9.886090278625488,-4.561731815338135,-0.2855266630649567,-0.6951646,-0.34513888,3
1.5588524341583252,9.958943367004396,-4.182959079742432,-0.4122247397899628,-0.34605515,-0.29962940000000005,3
1.526246190071106,9.899231910705566,-3.9021074771881104,-0.6002256274223328,-0.030543262,-0.19181168,3
1.131646752357483,9.594144821166992,-3.730565071105957,-0.784122884273529,-0.29016098,-0.16523905,3
0.5656529664993286,9.361525535583496,-3.791285276412964,-0.8065944910049438,-0.8915578000000002,-0.34208453,3
0.17536921799182892,9.66497802734375,-4.0575170516967765,-0.7859628200531006,-1.4944818000000002,-0.63529986,3
0.298174262046814,10.51266860961914,-4.604628562927246,-0.8775050044059753,-1.2547172,-0.41813725,3
0.9006428122520447,11.36422348022461,-5.381325721740723,-0.9868364334106444,-1.2968669,-0.19486602,3
1.5078645944595337,11.89635181427002,-6.1911444664001465,-1.1022977828979492,-1.1979067,-0.45723262,3
1.5566846132278442,12.665130615234375,-6.351319789886475,-1.3066244125366209,-0.5757405,-1.0751228000000002,3
1.2757986783981323,13.743340492248535,-6.287187099456787,-1.5215556621551514,-0.60048056,-1.047023,3
1.233954668045044,14.261425018310547,-6.499129772186278,-1.5940239429473877,-0.66737026,-0.22174409,3
1.486977458000183,13.531122207641602,-6.526261329650879,-1.61346697807312,-0.73364913,0.37110063,3
1.8293825387954712,12.10470962524414,-6.138906955718994,-1.556597113609314,-0.36560285,0.46670106,3
2.0973331928253174,10.086785316467283,-5.520526885986328,-1.4333627223968506,0.09773844,0.07086037,3
2.164733648300171,7.506745338439941,-4.7473106384277335,-1.246582269668579,0.44837508,-0.26450464,3
2.1001064777374268,4.60684871673584,-4.144257068634033,-0.964208722114563,0.7495316,-0.24281894,3
1.7937182188034058,1.8172696828842163,-3.886995792388916,-0.5563316941261292,1.3255776,0.022602014,3
1.13528573513031,-0.2492707967758179,-3.6620569229125977,-0.011376273818314077,1.93797,0.54641896,3
0.09716907888650894,-0.648679256439209,-2.956312417984009,0.5874788165092468,1.1808025,1.7424932,3
-1.2684491872787476,0.4634487330913544,-2.1802124977111816,1.006780743598938,-0.24220806,1.9822577,3
-2.3532931804656982,3.1255083084106445,-2.5783393383026123,1.124053955078125,-0.21960606,1.7880026000000002,3
-2.92856502532959,6.078446388244629,-4.673112869262695,1.0875836610794067,-0.4990769000000001,-0.3930918,3
-1.256701946258545,8.233918190002441,-4.389752388000488,1.767260193824768,-0.39920044,0.52748215,3
1.2611418962478638,9.043042182922363,-3.512211799621582,2.6140432357788086,1.8445076,1.9065105,3
3.559889793395996,10.452566146850586,-4.3423380851745605,2.4995133876800537,-0.23518312,1.0451905,3
5.199047088623047,11.986644744873047,-6.407320976257324,1.9768762588500977,0.7635816,0.9486737,3
5.5382843017578125,12.759379386901855,-7.134236812591553,1.5414446592330933,1.0204504,0.75808376,3
4.749399185180664,12.792692184448242,-6.655413627624513,1.1879491806030271,1.5519031,1.0259482,3
3.245213270187378,11.66146183013916,-5.87416410446167,0.8337548971176147,0.7443393,0.23976462,3
1.265972375869751,9.704455375671387,-5.052962303161621,0.3979950249195099,0.3640757,-0.77213365,3
-0.8921912908554077,7.624531745910644,-4.136489868164063,-0.15630176663398745,-0.6078109,-1.2678508,3
-2.41187071800232,5.541899681091309,-3.199548482894897,-0.5889958739280701,-1.7880026000000002,-0.6774496,3
-2.5406861305236816,3.487754344940185,-2.4779949188232417,-0.6902228593826294,-2.0231857,-0.18295415,3
-1.348497986793518,1.9279041290283203,-1.898200750350952,-0.5002793073654175,-1.5332718,0.34208453,3
-0.1267220377922058,1.5274633169174194,-1.6013087034225464,-0.17808735370635986,-0.84391034,1.0519098999999998,3
1.0162223577499392,1.9982529878616333,-1.2836114168167114,0.08448441326618195,-0.045814894,1.5329663999999998,3
2.0802736282348637,2.975350379943848,-0.7666124105453491,0.2809822857379913,-0.086132,1.892155,3
3.1821928024291988,4.813036918640137,-1.5890896320343018,0.6092735528945923,1.4126259,1.6325374,3
3.2579500675201416,7.318992137908935,-2.0938596725463867,0.6251704692840576,1.5968018,-0.64721173,3
2.0683391094207764,9.590632438659668,-2.353872060775757,0.19118282198905945,2.195755,-2.990491,3
0.8877836465835571,11.270184516906738,-2.72971510887146,-0.3376927971839905,0.86315256,-2.6007588,3
0.11376704275608066,12.734436988830565,-3.967464208602905,-0.6766950488090515,-2.7601945,-1.486846,3
-0.2766553461551666,14.02013874053955,-5.953175067901611,-0.8639035224914551,-3.277292,-0.79626286,3
0.30731257796287537,15.091002464294435,-7.2477478981018075,-1.3198740482330322,-1.6887369,-0.18112154,3
1.6398377418518066,15.458292007446287,-8.040343284606934,-1.7962608337402344,-0.44898596,-0.87598073,3
2.910980701446533,14.904735565185547,-8.304539680480957,-1.9559835195541384,-0.13561209,-0.17867808,3
3.4548969268798833,13.43790054321289,-7.649598121643066,-1.7651160955429075,-0.21135938,-0.101098195,3
3.7234504222869873,11.120046615600586,-6.607136249542236,-1.5134875774383545,-0.039095376,-0.8167268,3
3.4258861541748047,8.246529579162598,-5.605491638183594,-1.4634392261505127,0.26633725,-1.3075571,3
2.6008801460266118,4.623993396759033,-4.9670000076293945,-1.3274931907653809,1.0906999,-1.2070698,3
1.9276890754699707,0.8552029132843018,-4.3599257469177255,-0.9171717166900636,2.094657,-0.115453534,3
1.61428964138031,-1.2389763593673706,-3.7210378646850586,-0.23681366443634036,2.8145616,1.1096367,3
1.325892448425293,-1.3984798192977903,-2.772947072982788,0.4704483449459076,1.6242907,2.270586,3
0.637395977973938,-0.19927804172039032,-1.9090731143951416,0.8614651560783386,0.040927973,2.0708332,3
-0.4802927672863007,1.863394856452942,-1.394646406173706,1.0086418390274048,-0.47433686,1.6829338,3
-1.547126293182373,4.1192660331726065,-1.3776307106018066,0.9763737916946412,-0.032986723,0.6438520000000001,3
-2.104888439178467,6.613483905792236,-2.837836503982544,1.0043818950653076,1.5900823,-0.118507855,3
-1.9259361028671265,9.019725799560547,-4.586870193481445,1.235122561454773,0.99112886,-0.36285394,3
-0.5243754386901855,11.017354011535645,-4.075006008148193,1.7754044532775881,-0.34422258,0.3830125,3
1.537218451499939,11.95046615600586,-3.284187793731689,1.9273111820220947,-0.48502702,1.105666,3
3.698662281036377,12.75057315826416,-4.472636699676514,1.7004716396331787,0.9468411,1.0393872,3
5.4553656578063965,13.257617950439453,-5.817809104919434,1.19107985496521,0.91629785,0.4016439000000001,3
5.693808078765869,12.93050765991211,-5.989042282104492,0.6839557290077211,0.30176744,0.31123585,3
4.112022399902344,11.574989318847654,-5.543503284454347,0.36798736453056335,0.6026186,-0.08032878,3
2.1398093700408936,9.874917984008787,-4.840745449066162,0.17034684121608734,0.81122905,-0.6267477,3
0.07701218128204346,8.047771453857424,-3.8557517528533936,-0.13135474920272827,0.13622294,-0.999681,3
-1.5191808938980105,5.961789608001709,-2.6280620098114014,-0.425424724817276,-0.9285152,-1.3060299,3
-2.1000421047210693,3.8743102550506587,-1.5549843311309814,-0.5808245539665222,-1.3567317,-0.3042109000000001,3
-1.4618879556655884,2.0057196617126465,-0.964618444442749,-0.5431624054908752,-1.2641857,0.4999932,3
-0.22074761986732486,0.8336203694343567,-0.7923924326896667,-0.3006811738014221,-0.6068946,1.0180069,3
0.44738322496414185,0.47864830493927,-0.8572026491165161,0.000733486725948751,0.26175576,1.2388347,3
0.7602305412292479,0.7276265621185303,-0.8405926823616028,0.2448456138372421,0.5170974,1.1340714,3
1.0015629529953003,1.5615276098251345,-0.4472037851810455,0.6101747155189514,-0.04428773,1.783421,3
1.382280945777893,3.7810878753662114,-1.5245541334152222,1.1209899187088013,0.9138544,3.105639,3
1.3792295455932615,6.655402660369872,-1.7258607149124146,0.7312897443771362,0.14813483,-1.5293012,3
1.9737697839736936,8.778628349304201,-1.8635777235031128,0.004600644111633301,1.6352862,-2.7635543,3
2.0293078422546387,10.666352272033693,-3.2401225566864014,-0.4446870088577271,1.2425,-2.701246,3
2.1428050994873047,12.339420318603516,-5.204000473022461,-0.6432255506515503,-2.0158553,-1.01312,3
2.1193361282348637,13.4014253616333,-6.771645545959473,-0.9760758876800536,-2.6774223,-0.44135013,3
2.133126735687256,13.879083633422852,-7.720980167388916,-1.301788568496704,-0.93737274,-0.15149458,3
2.65677809715271,13.889504432678224,-8.081099510192871,-1.406184434890747,-0.4166101,-0.050701816,3
3.1410226821899414,12.479325294494627,-7.511641502380371,-1.3947515487670898,-0.956615,-0.1826487,3
3.384708404541016,10.325409889221193,-6.231014728546143,-1.3162654638290403,-0.09437868,-0.64599,3
3.4961943626403813,7.886656284332275,-4.873788356781006,-1.2861826419830322,0.7425067,-0.8222246,3
3.26823353767395,5.059335708618164,-3.9721062183380127,-1.3231608867645264,1.3875803999999998,-1.0345002,3
2.7733283042907715,2.1789138317108154,-3.5943758487701416,-1.1656744480133057,1.2327261,-0.5458081,3
2.1184837818145748,-0.4419834911823273,-3.2023708820343018,-0.7082784175872803,1.1557571000000002,0.5925393,3
1.5088331699371338,-1.8648488521575928,-2.4852724075317383,-0.09106258302927016,1.153619,1.7586810000000002,3
0.8742666244506836,-1.591480016708374,-1.6098440885543823,0.3706866502761841,0.8491027,2.0922134,3
-0.08891141414642334,-0.04328003153204918,-1.0864024162292478,0.6144066452980042,0.44043383,1.5861117,3
-1.1772305965423584,1.7486119270324707,-0.9289534091949464,0.7628381848335266,-0.13713925,1.2837333999999998,3
-1.6434417963027954,3.7848520278930655,-2.060387372970581,0.8842559456825256,0.6591236,-0.33505958,3
-1.8860152959823608,6.447178363800049,-4.537017345428467,1.0736554861068726,1.7809776000000002,0.08216137400000001,3
-1.4502425193786619,8.9125394821167,-4.803083896636963,1.18802011013031,0.82619524,-0.38056904,3
0.015940768644213676,10.750711441040039,-3.138054847717285,1.3877990245819092,-1.1597277,0.39553526,3
2.262399673461914,11.456310272216795,-2.9590320587158203,1.5716878175735474,0.1255328,0.6637050999999999,3
4.703135967254639,11.790254592895508,-4.167555809020996,1.4714447259902954,2.1682662999999995,0.47769663,3
6.005030155181885,11.873798370361328,-4.704346179962158,1.071324586868286,0.93859446,0.1881465,3
5.424355030059815,11.512038230895994,-4.5368313789367685,0.6669853329658508,0.06627888,-0.022602014,3
3.765218496322632,10.93864917755127,-4.403962135314941,0.35414963960647583,1.1826351000000002,-0.30726522,3
1.9943220615386963,10.0070219039917,-4.131290912628174,0.17527204751968384,1.4975362,-0.7910705,3
0.4154449999332428,8.574671745300293,-3.375380277633667,0.0034138509072363377,0.4071417,-1.03786,3
-0.6502259969711304,6.6679139137268075,-2.250929355621338,-0.18355655670166016,-0.9086621,-0.7877107,3
-0.8168653845787048,4.4193267822265625,-1.3889708518981934,-0.3110917806625366,-0.9789116,-0.01740966,3
-0.4220143556594849,2.5035817623138428,-0.8453904986381531,-0.34558728337287903,0.05131268,0.35643986,3
0.05527753010392189,1.360454797744751,-0.4791955351829529,-0.224649578332901,0.5662721,0.82986045,3
0.4750080406665802,0.7587653398513794,-0.4111594557762146,-0.014721356332302094,0.6988298000000001,1.1722503999999998,3
0.7440658211708069,0.6774968504905701,-0.537551999092102,0.2634657025337219,0.39920044,0.97494096,3
1.5771223306655884,1.5763705968856812,-1.2961808443069458,0.700536847114563,0.6224717,1.9324722,3
3.640114307403565,4.105987548828125,-3.57771897315979,1.1523288488388062,4.8301115,6.240599,3
3.5329692363739014,6.6308555603027335,-2.7812159061431885,0.6643772721290588,-0.883922,-3.199712,3
2.558342933654785,7.879435539245605,-2.6893784999847408,0.05147630348801613,2.9089403,-4.0989056,3
1.236986517906189,9.207664489746094,-3.956728219985962,0.018371060490608212,0.441961,-2.1190915,3
0.9642472863197328,10.973280906677246,-6.254910469055176,-0.1658935844898224,-0.7910705,-1.1316278999999998,3
1.6156995296478271,12.212003707885742,-7.215188026428223,-0.37017685174942017,-2.6832256,-0.33017266,3
2.74177360534668,13.058965682983398,-7.095017433166504,-0.7374303340911865,0.56046885,-0.15149458,3
3.9660775661468506,13.79398250579834,-7.18621301651001,-0.9800677299499512,-0.07574729,-0.31306845,3
4.198312759399413,12.400513648986815,-6.7784481048583975,-1.0282646417617798,-0.8237518,-1.1145236,3
3.5065479278564453,10.375213623046877,-5.815559387207031,-1.0499447584152222,0.17195857,-0.95356065,3
2.8763935565948486,7.855330467224121,-4.783653259277344,-1.168468713760376,0.675617,-1.0167851,3
2.3618357181549072,4.627574920654297,-3.9519770145416264,-1.355170965194702,1.5619823999999998,-1.0980303,3
1.942258596420288,1.233508586883545,-3.256434202194214,-1.317737340927124,1.9703459,-0.28619036,3
1.5995686054229736,-1.241913080215454,-2.462970972061157,-0.7664797306060791,1.4563028,0.67103547,3
1.2582437992095947,-2.0851199626922607,-1.656562566757202,0.006775168236345053,0.9398162,1.5635096000000002,3
0.6275327801704407,-1.3651102781295776,-1.0984518527984621,0.5633798241615295,0.129198,1.8924606,3
-0.4081051647663117,0.550568163394928,-1.0144901275634766,0.7863638401031494,-0.31520647,2.1560488,3
-1.296264886856079,2.9253139495849614,-1.5253313779830933,0.7865660190582275,-0.012217305,0.67256266,3
-1.925779938697815,5.732884407043457,-3.631739377975464,0.6970783472061157,3.1401527,-0.6224717,3
-1.2606838941574097,8.327363014221191,-4.764036178588867,0.9138416051864624,0.6450737,-0.50335294,3
0.8367415070533752,10.374279022216797,-2.591879367828369,1.458971619606018,-0.5714644,-0.45631635,3
3.284010410308838,10.697711944580078,-2.421650648117065,1.6037349700927734,0.08307768,0.40103304,3
5.472233772277832,10.544087409973145,-4.488230228424072,1.272816181182861,2.663678,0.038179077,3
6.560407161712647,10.594586372375488,-6.020030975341798,0.870517373085022,2.6047294,-0.00580322,3
5.9119300842285165,10.47612190246582,-6.0203399658203125,0.5887953042984009,0.9193522,-0.12889257,3
4.1133456230163565,10.321016311645508,-5.492287635803223,0.4809813797473908,1.5971072,-0.42943826,3
2.2238638401031494,9.87240982055664,-4.577108860015869,0.3166191875934601,2.0179935,-0.84635377,3
0.6262266635894775,9.029123306274414,-3.3466892242431636,0.01154860109090805,0.6762278,-0.93737274,3
-0.5863171219825745,7.625978946685791,-2.412270784378052,-0.2642311751842499,-0.5403103,-0.9193522,3
-1.3464144468307495,5.857283115386963,-1.828987717628479,-0.4261766076087952,-1.067487,-0.675617,3
-1.632715344429016,4.0100364685058585,-1.5210551023483276,-0.4861518740653992,-0.36193767,-0.17715092,3
-1.2510061264038086,2.4940693378448486,-1.1223756074905396,-0.4377293288707733,-0.03023783,0.56596667,3
-0.3648270070552826,1.6310299634933472,-0.823826253414154,-0.24895793199539185,0.26450464,1.2253957,3
0.23921024799346924,1.0389481782913208,-0.7754573225975037,-0.01101772114634514,0.87964594,1.2470814,3
0.7466824650764465,0.7861282229423523,-0.4968499541282654,0.23915211856365204,0.7312057,0.84421575,3
1.461892008781433,1.372404932975769,-0.8797177672386169,0.6489600539207458,1.0421360999999998,1.5635096000000002,3
2.9724080562591557,3.753653764724731,-3.068467855453491,1.145646572113037,3.6291504,3.9354994,3
3.216114997863769,6.508896827697754,-3.7889444828033447,0.9701798558235168,0.84329945,-2.0173824,3
2.865337371826172,8.43822193145752,-2.8049166202545166,0.44870141148567205,1.7452419999999995,-3.626707,3
1.9860585927963257,10.259112358093262,-3.663530826568604,0.10169146209955217,1.3744466999999998,-2.008525,3
1.9193702936172483,11.984745979309082,-5.968859672546388,-0.10072090476751328,-0.75319684,-0.8738427,3
2.740994453430176,13.071307182312012,-7.313447952270508,-0.3948415517807007,-2.931237,-0.26939157,3
3.3693120479583736,13.410380363464355,-7.614189624786378,-0.7152829766273499,-0.07574729,-1.0955868,3
3.944433450698853,13.794135093688965,-7.824411869049072,-0.9925268888473512,0.84513205,-1.3200798,3
4.3012709617614755,13.378458976745605,-7.730064868927003,-0.9794774055480956,0.061086524,-1.2568552,3
4.193992137908936,12.15153694152832,-6.936782360076903,-1.0166486501693726,0.00030543262000000003,-0.53023106,3
3.8212273120880127,10.283549308776855,-5.922440528869629,-1.180997014045715,0.4465425,-0.2144137,3
3.119621753692627,7.650097370147705,-5.126499652862549,-1.3499250411987305,1.2205088,-0.48838675,3
2.3036797046661377,4.506854057312012,-4.536935329437256,-1.354598879814148,1.8304577,-0.52839845,3
1.5438798666000366,1.1744641065597534,-3.839921236038208,-1.037975549697876,2.2864685,-0.0027488936,3
1.044595718383789,-0.8784371614456177,-2.9447593688964844,-0.4482890367507935,2.186592,0.71868294,3
0.5847651958465576,-1.2748912572860718,-2.0626444816589355,0.15461450815200806,1.5787812,1.3933836000000002,3
-0.06820802390575409,-0.4462202787399292,-1.5013949871063232,0.5331172347068787,0.66553766,1.3616186,3
-0.7368514537811279,1.1181713342666626,-1.3388773202896118,0.7233815789222717,0.54092115,1.3396275,3
-1.118188500404358,3.1947956085205083,-1.9516009092330933,0.8143661022186279,0.82711154,0.312763,3
-1.4333560466766355,5.978553771972656,-4.18621301651001,0.8522902131080627,2.0772474,-0.47647488,3
-0.7185611128807068,8.533370971679688,-4.862124443054199,1.20428729057312,0.6637050999999999,-0.8781188,3
1.1022720336914062,10.421867370605467,-3.19777774810791,2.009360790252685,0.9071349,0.2452624,3
3.009328603744507,11.322988510131836,-2.8751883506774902,1.9975639581680296,1.0751228000000002,0.30268374,3
4.661645412445068,12.5155029296875,-4.432320594787598,1.5908468961715698,1.5241088,0.34880406,3
5.683441162109375,13.287349700927734,-6.062789440155028,1.1941297054290771,1.7272215,0.42455134,3
5.6883463859558105,13.214519500732422,-6.51623010635376,0.919686794281006,0.9443977,0.5662721,3
4.797780513763428,12.349159240722654,-6.1794166564941415,0.7350045442581177,0.8735373,0.44348818,3
3.4556031227111816,10.854056358337402,-5.627466678619385,0.5530741810798645,1.2877040000000002,-0.48808134,3
1.8913042545318604,9.1947660446167,-4.916586399078369,0.2676173448562622,0.7147123000000001,-1.1447614,3
0.12188873440027236,7.544452667236327,-4.084331512451172,-0.047671988606452935,-0.25717425,-1.6267341,3
-1.2983900308609009,5.89697265625,-3.063562393188477,-0.28888577222824097,-0.7910705,-1.1850786,3
-1.3723783493041992,4.048634052276611,-2.196797132492065,-0.3831866681575775,-1.0381655,-0.41386122,3
-0.5656681060791016,2.522831916809082,-1.575314164161682,-0.2743719816207886,-0.73273283,0.2144137,3
0.2181103378534317,1.719372272491455,-1.2062562704086304,0.002734484151005745,-0.15454891,0.7464773,3
0.8731011748313904,1.6160519123077393,-0.8757816553115845,0.29214707016944885,0.61453044,0.95722586,3
1.465394377708435,2.152472734451294,-0.4645818769931793,0.5495386719703674,0.44257188,1.169807,3
2.03579330444336,3.324640989303589,-0.8553817272186279,0.8379514217376709,0.80878556,1.0824533,3
2.8194768428802486,5.66054105758667,-1.8609936237335205,1.0414599180221558,2.2531765,0.9309586,3
2.49072265625,8.173076629638674,-2.4237163066864014,0.8655770421028137,1.7595973000000005,-2.7727172,3
1.5504966974258425,10.16547679901123,-2.443528652191162,0.2983485460281372,0.6038403,-2.3875668,3
0.6821054816246033,11.435770034790039,-3.0045764446258545,-0.16156107187271118,-2.0024164,-0.7693848000000001,3
0.29341483116149897,12.771490097045898,-4.560601711273193,-0.4467482268810272,-3.3163873999999995,0.044898596,3
1.1773538589477541,14.03866481781006,-6.353710651397705,-0.8594191074371338,-1.6413950000000002,0.10934488,3
2.8931233882904053,14.455581665039062,-7.6518516540527335,-1.4526575803756714,0.007330383,-2.0619757,3
4.274528980255127,13.688485145568848,-8.297112464904785,-1.618938446044922,0.5299255999999999,-1.7088956000000002,3
4.896618366241455,12.652348518371582,-7.947507858276367,-1.4748972654342651,-0.5656611999999999,0.26145032,3
4.8844428062438965,11.211014747619627,-7.325865745544434,-1.4552682638168335,-0.16187929,0.48502702,3
4.439397811889648,9.04106616973877,-6.6308555603027335,-1.5890966653823853,0.8002335,0.23732115,3
3.5667846202850337,5.887679100036621,-5.860237121582031,-1.5383622646331787,1.2409728,-0.6010914,3
2.5169403553009038,2.4148790836334233,-5.0355401039123535,-1.0988481044769287,1.3808608999999998,-1.1108584,3
1.576873540878296,-0.4320192933082581,-4.2547621726989755,-0.4643225073814392,1.9804251,-0.58123827,3
0.8674162030220032,-1.9623585939407349,-3.477437257766724,0.16811509430408478,2.5344799,0.42271876,3
0.26160627603530884,-2.213179349899292,-2.660101890563965,0.7082930207252502,1.8457294,1.541213,3
-0.5736315846443176,-1.148613452911377,-1.904486894607544,1.014750599861145,0.003970624,2.2073615,3
-1.556755781173706,1.0770959854125977,-1.6196459531784058,1.1777732372283936,-0.11636983,1.2021828,3
-2.2525882720947266,4.0987300872802725,-2.693345308303833,1.1671571731567385,1.1930199,0.623388,3
-1.943073034286499,6.981372833251952,-4.7520294189453125,1.1614423990249634,0.74036866,-0.47494772,3
0.17211148142814636,8.981987953186035,-3.892399787902832,2.1216773986816406,-0.9230174,0.21197024,3
3.017838716506958,9.388646125793457,-3.1211726665496826,2.4887855052948,1.0244209999999998,0.9954049,3
5.752993583679199,10.113917350769043,-4.165618419647217,1.99654233455658,1.0998629,0.5384777,3
7.180601119995117,10.588088989257812,-5.509629249572754,1.466887354850769,1.2611313,0.24587326,3
6.313110828399657,10.59661865234375,-5.775067329406737,1.0042327642440796,1.2748758,0.29382620000000004,3
4.089515209197998,10.142233848571776,-5.472620010375977,0.6979337930679321,1.7208074,0.30085114,3
1.5751814842224119,8.879830360412598,-4.570269584655762,0.4536834359169006,1.0546589,-0.713796,3
-0.7375615835189819,7.241116046905518,-3.5915238857269287,0.007834510877728462,0.05375614,-1.3048081,3
-2.44789457321167,5.2399678230285645,-2.478747844696045,-0.41204097867012013,-1.6746869999999998,-1.6490307,3
-2.898654699325561,3.1493761539459233,-1.722228765487671,-0.6111258864402771,-1.7592918999999998,-1.0925325,3
-1.8509501218795776,1.3482635021209717,-1.2121590375900269,-0.5369626879692078,-1.7037032,-0.3295618,3
-0.1512443870306015,0.5232732892036438,-0.9982481598854064,-0.24905291199684146,-0.91751957,0.8249735,3
0.9846088886260986,0.6886219382286072,-0.9484399557113647,0.05677850171923636,0.1777618,1.5271631,3
1.6674898862838743,1.6036183834075928,-0.6677785515785217,0.3388760089874268,0.08552113,1.7208074,3
2.15907621383667,3.4451050758361816,-1.213823676109314,0.7245187759399414,0.19150625,2.0250182,3
2.673358917236328,6.0500078201293945,-1.9475289583206177,1.0133962631225586,1.171945,1.0931433000000002,3
3.1432931423187256,8.560729026794434,-2.4676167964935303,0.7308583855628967,1.7867808,-2.0610592,3
3.0916965007781982,10.549057960510254,-2.7825920581817627,0.044102318584918976,0.86406887,-2.6951375,3
2.531855821609497,12.063411712646484,-3.7859706878662114,-0.4276227056980133,-1.1930199,-1.5861117,3
2.405385732650757,13.451735496520994,-6.003345966339111,-0.697313129901886,-2.776077,-0.8927795000000001,3
2.7754480838775635,14.621347427368164,-7.842620372772218,-1.1417169570922852,-1.8997909,-0.7654141999999999,3
3.406968593597412,15.01937484741211,-8.708938598632812,-1.728350281715393,-0.7483099,-1.6062702,3
4.1941819190978995,14.113670349121096,-8.870170593261719,-1.9395196437835691,0.21991149,-0.41538838,3
4.601716995239258,12.424066543579102,-7.896855354309082,-1.8527129888534544,-0.27397305,-0.018936822,3
4.648621559143066,10.312917709350586,-6.615323543548584,-1.695737600326538,-0.4877759,-0.59437186,3
4.098298072814941,7.753966331481934,-5.729515075683594,-1.5856660604476929,-0.39187005,-0.85154617,3
3.118215084075928,4.400597095489502,-5.168945789337158,-1.3573304414749146,0.8549059000000001,-0.83077675,3
2.156901359558105,0.7259204387664795,-4.576516628265381,-0.8637037873268127,1.9449949,-0.6786713000000001,3
1.3963658809661863,-2.0623714923858643,-3.9657750129699703,-0.10288720577955246,2.5164595000000003,-0.29352075,3
0.9446647167205809,-3.1055622100830083,-3.1274137496948238,0.7248762249946594,2.076331,0.9138544,3
0.4284965097904205,-2.455199956893921,-2.1105523109436035,1.352645993232727,0.06047566,2.1450534,3
-0.3276456892490387,-0.4517413377761841,-1.5758801698684692,1.5342825651168823,-0.589485,2.252871,3
-1.1354464292526243,2.5599114894866943,-2.3600449562072754,1.3958717584609983,0.5207626000000001,1.7308867,3
-1.2619677782058716,5.66150426864624,-4.4125099182128915,1.0409955978393557,0.21991149,0.5757405,3
1.1393686532974243,7.6860084533691415,-3.798274040222168,1.434612512588501,-1.7092009999999995,-0.41630468,3
4.190821647644043,8.231877326965332,-3.3681416511535645,2.30023455619812,0.0009162979,0.93279123,3
6.938322067260742,9.047562599182127,-4.4604973793029785,2.1347436904907227,1.2162327,0.93645644,3
8.739580154418945,9.595385551452637,-5.705698490142822,1.5681689977645874,0.41141775,0.7101309,3
8.193219184875487,9.715970993041992,-6.17473030090332,1.0759506225585938,0.87109387,0.4092797,3
5.569735527038574,9.651344299316406,-6.058188438415527,0.6864247322082521,1.8005253,0.38148534,3
1.9784798622131348,8.91221809387207,-5.10247802734375,0.5227420926094055,1.047023,-0.9068295,3
-0.8624901175498962,7.490903854370117,-3.559131622314453,0.12526799738407135,-0.12522738,-1.8106046,3
-1.9833343029022217,5.855130195617676,-2.135827779769897,-0.41060009598732,-1.5506815,-1.3399329,3
-1.6444662809371948,4.0270657539367685,-1.1891180276870728,-0.7178921103477478,-2.008525,-0.64904433,3
-0.2763842642307281,1.841641902923584,-1.0248343944549558,-0.6902005076408386,-1.1942415000000002,0.51251596,3
1.002361536026001,0.40726470947265625,-1.302424073219299,-0.33052366971969604,-0.21166481,1.1646146000000002,3
1.5132451057434082,0.2880729734897613,-1.3956743478775024,0.003526250598952174,0.28283059999999993,1.2724323,3
1.7850955724716189,1.2174862623214722,-0.6367120146751404,0.1852319985628128,-0.110872045,1.0155635,3
2.9285144805908203,3.693031311035156,-1.409131407737732,0.5450697541236877,0.044593163,1.5500705,3
3.393149137496948,6.52961015701294,-2.461345672607422,0.8331176042556763,1.3225232,0.8863655,3
2.9505271911621094,8.863648414611816,-2.7191121578216557,0.1390921026468277,1.1753048,-2.577546,3
2.8064537048339844,10.240716934204102,-3.464650869369507,-0.4906565845012665,0.21227567,-2.4959953,3
2.8597426414489746,11.652173042297365,-5.090867042541504,-0.7894272804260254,-3.1377094,-1.5198327,3
2.6622743606567383,13.085426330566404,-6.929300785064697,-1.1343910694122314,-3.0298917000000003,-0.88239485,3
2.9945855140686035,14.206701278686525,-8.362605094909668,-1.6436997652053833,-1.8261817,-0.12492194,3
3.8067665100097656,14.254197120666506,-9.222692489624023,-2.0297493934631348,-0.54305923,-0.3136793,3
4.481664657592773,13.062865257263185,-9.0774564743042,-2.09238862991333,-1.0195341,0.14874569,3
4.694965362548828,10.924383163452148,-7.83191967010498,-1.9406992197036743,0.17806722,-0.73426,3
4.761603832244873,8.621967315673826,-6.2159833908081055,-1.8043311834335327,0.05467244,-1.2241739,3
4.244717597961427,5.587026596069336,-5.422078609466553,-1.671766996383667,-0.09590584,-1.3423764,3
3.4510769844055176,2.1015591621398926,-5.325389862060547,-1.351648449897766,0.8970556000000001,-1.0852021,3
2.6888952255249023,-1.268957257270813,-5.1053571701049805,-0.7535006403923035,2.1126773,-0.1282817,3
2.040088176727295,-3.261297702789306,-4.151341915130615,0.005772759672254324,2.0867157,0.9810496,3
1.3525594472885132,-3.2745985984802246,-2.8154754638671875,0.7579308748245239,1.0326678,1.783421,3
0.2397612631320953,-1.775321125984192,-1.7858474254608154,1.2393306493759155,-0.37934732,2.0497584,3
-1.1183212995529177,0.7699909210205078,-1.3834530115127563,1.3860455751419067,-0.70280045,1.6890424,3
-2.313407182693481,3.8369123935699454,-2.3428025245666504,1.2582257986068726,0.7079928000000001,1.0396926,3
-2.230552673339844,6.767238140106201,-4.803217887878418,1.0620437860488892,2.7317894,1.1795808,3
-0.16922950744628906,8.995013236999512,-3.9949352741241455,1.5757770538330078,-3.6367862,-0.3115413,3
3.0011346340179443,9.634860038757324,-2.6711618900299072,2.4231374263763428,-1.3649784,1.112691,3
6.0768675804138175,10.175793647766113,-3.7596263885498047,2.176765918731689,2.0491474,0.98440933,3
8.378608703613281,10.570785522460938,-5.464128017425537,1.5055054426193235,1.2681563,0.6450737,3
8.11253547668457,10.498283386230467,-6.110006332397461,0.9844683408737184,1.0641272,-0.050396383,3
5.264754295349121,10.132685661315918,-5.909615516662598,0.6630356311798096,1.4581354,0.044898596,3
2.1772332191467285,8.829517364501953,-4.89552640914917,0.460550457239151,1.294118,-0.9025534,3
-0.19695095717906952,6.9664225578308105,-3.3615295886993413,0.04122940823435784,0.8503244000000001,-1.63437,3
-1.3273680210113523,4.978816509246826,-1.6865434646606443,-0.4166956543922424,-1.0290025,-1.2339478000000002,3
-1.4064292907714844,2.922508716583252,-0.5992805361747742,-0.667479932308197,-1.4080443,-0.65576386,3
-0.8060413599014282,1.008357048034668,-0.2903846204280853,-0.6459552645683289,-1.0742066,0.14691310000000002,3
-0.09397535771131517,0.12999814748764038,-0.3119503557682037,-0.31712207198143005,-0.6123924,0.95722586,3
0.1849980354309082,0.337121456861496,-0.3798405528068543,0.04956909269094467,-0.42424592,1.4480561,3
0.3399370610713959,1.111125111579895,-0.0496612973511219,0.3345980644226074,-0.64660084,1.133155,3
1.0472040176391602,2.843686580657959,-0.2521006166934967,0.7516716122627258,-0.5684100999999999,2.273335,3
2.61635422706604,5.589862823486328,-2.1933469772338867,1.1405209302902222,0.82924956,2.6700919,3
4.457957267761231,8.174666404724121,-2.500783443450928,0.5956191420555115,-0.09590584,-2.1679606,3
5.270214080810547,9.671183586120604,-2.8513550758361816,-0.1390642523765564,3.215289,-3.2458324,3
4.766790390014648,10.988723754882812,-4.28712797164917,-0.5921720862388611,-0.87109387,-2.1658227,3
4.292250156402588,12.55905532836914,-6.804000377655028,-0.9323707222938538,-2.8142562,-1.3545936,3
4.066714286804198,13.731622695922852,-8.486472129821777,-1.2926582098007202,-1.9599612,-0.8915578000000002,3
4.2956557273864755,14.118634223937988,-8.929627418518066,-1.639232873916626,-0.44043383,-0.8735373,3
4.703108787536621,13.39885425567627,-8.854924201965332,-1.9050699472427368,-0.2782491,0.33414328,3
4.716533184051514,11.196298599243164,-7.833060264587402,-1.8662197589874268,-0.37415496,-0.4361577999999999,3
4.693038463592528,8.729948997497559,-6.270486354827881,-1.714184045791626,-0.09040806,-0.82619524,3
4.4332542419433585,6.06233549118042,-4.9446377754211435,-1.5980724096298218,0.1863139,-0.8374963,3
3.628451108932495,2.7739737033843994,-4.505409240722656,-1.3440624475479126,0.9288206,-0.8961393,3
2.4944021701812744,-0.4522333443164826,-4.286062717437743,-0.8063586354255676,1.7996091,-0.41538838,3
1.5462807416915894,-2.441750288009644,-3.4993247985839844,-0.057768143713474274,2.0286834,0.44073927,3
0.8589780926704407,-2.657931327819824,-2.4047861099243164,0.7521460056304932,1.4559973,1.4379768,3
0.18851502239704127,-1.5445035696029663,-1.630705952644348,1.2828876972198486,0.3463606,1.6319264999999998,3
-0.5921936631202698,0.5477777123451233,-1.4657886028289795,1.5004674196243286,-0.25778514,1.5577063999999998,3
-1.475187063217163,3.2752280235290527,-1.7070680856704712,1.4346275329589844,-0.48258355,1.3197743999999998,3
-1.6206707954406738,6.127179145812987,-3.637792825698853,1.1224570274353027,2.3979516,1.4465289,3
-0.4131550192832947,8.674056053161621,-5.362075328826903,1.152495265007019,-0.016493361,-0.50518554,3
2.1806960105896,10.607101440429688,-3.617521047592163,2.1226017475128174,-2.4199426,0.36651915,3
4.830151557922363,11.615699768066404,-3.4101264476776123,2.1176009178161617,0.5684100999999999,0.98715824,3
7.387371063232423,12.26883029937744,-5.332152366638184,1.55153489112854,1.1560625,1.071763,3
8.82569408416748,12.012107849121096,-6.6945128440856925,0.9818657636642456,0.9089675,0.5696318,3
8.173313140869139,11.234654426574707,-6.680988788604736,0.4819746017456055,0.8503244000000001,0.19303341,3
5.6198344230651855,9.93687343597412,-6.126927375793457,0.18838083744049072,1.3503176,-0.45142943,3
2.7919411659240723,8.374879837036133,-5.107697010040283,-0.07563907653093338,1.4230106000000002,-1.3988813999999998,3
0.5210918188095093,6.4379730224609375,-3.5810842514038086,-0.498439610004425,-0.08857546,-1.8322903,3
-0.6284751296043396,4.273081302642821,-2.0820763111114498,-0.7644553184509277,-1.3078625,-1.2205088,3
-0.4828858971595764,2.173970937728882,-1.1194676160812378,-0.8343883156776428,-1.6609426,-0.22388211,3
0.2660073339939117,0.8601111173629761,-0.688476026058197,-0.7036838531494141,-0.981355,0.42485678,3
0.6468868851661682,0.5381807684898376,-0.5522211790084839,-0.44065961241722107,-0.4700608,1.0170907,3
0.5256615281105042,0.8185018301010132,-0.6518948674201965,-0.1600411981344223,-0.14782938,1.2339478000000002,3
0.40380215644836426,1.3204553127288818,-0.5819303393363953,0.07802528887987137,-0.21105394,0.8491027,3
0.903356909751892,2.1939551830291752,0.18398602306842804,0.38560226559638977,-1.5100589,0.9954049,3
2.830443859100342,4.340102195739746,-1.2888803482055664,0.9082071185112,2.0525072,4.8065934,3
4.3800315856933585,6.999722480773926,-1.989136338233948,0.4788204431533814,0.5674938,-2.488054,3
4.3309106826782235,9.066978454589844,-2.0948841571807857,-0.07967118918895721,3.4300084,-3.1334333,3
3.933933734893799,10.526127815246582,-2.9655170440673833,-0.4248956739902496,-0.5674938,-3.2888985,3
3.8026049137115483,12.1365327835083,-4.927940845489502,-0.6947576403617859,-3.3667839,-1.382999,3
3.521749258041382,13.410392761230467,-6.768816947937013,-1.1689612865447998,-2.4743097,-0.2171626,3
3.803603649139404,13.624761581420898,-8.116573333740233,-1.6766127347946167,-0.6936375,0.20066923,3
4.400876522064209,12.481194496154785,-8.347576141357424,-1.808889865875244,-0.61727935,0.473726,3
4.547216415405273,10.540692329406738,-7.551094055175781,-1.720635175704956,-0.9477574,-0.4783075,3
4.697516918182373,8.594681739807129,-6.0753211975097665,-1.5457547903060913,0.116980694,-1.6032158,3
4.665861129760742,6.2943782806396475,-4.767724514007568,-1.467363953590393,0.36102137,-1.7373008,3
4.2074151039123535,3.2802882194519043,-4.269011497497559,-1.3278956413269043,1.112691,-1.1841623,3
3.4897918701171875,-0.04158096015453338,-4.101302146911621,-0.920695185661316,1.7562376,-0.36041048,3
2.554966688156128,-2.8275928497314453,-3.4577407836914062,-0.2524360120296478,1.8839084,0.33200526,3
1.5174750089645386,-3.8138601779937744,-2.3274919986724854,0.5309193134307861,1.0656544,1.5952746000000002,3
0.2559548616409302,-2.878137350082397,-1.4017903804779053,1.1727989912033079,0.09865474,2.1502457,3
-1.0648436546325684,-0.5471862554550171,-1.2458539009094238,1.4156619310379028,0.24617869,1.5809193,3
-1.8867404460906985,2.603551387786865,-2.376464605331421,1.3443100452423096,0.42058071,1.8319849,3
-1.6104365587234497,5.7319769859313965,-4.794936180114746,1.1701914072036743,0.79901177,1.5604553,3
0.3845253586769104,8.16716480255127,-4.166362285614014,1.3877348899841309,-3.5366044000000003,-0.8921687,3
3.4369988441467285,9.253654479980467,-3.1074330806732178,2.202054500579834,-2.0265455,0.72692966,3
6.313766479492188,9.789548873901367,-4.5976338386535645,2.055305004119873,2.1233675,0.84391034,3
8.042942047119139,10.113036155700684,-5.913115501403809,1.4454325437545776,0.8359690999999999,0.3680463,3
7.525120735168457,10.20323085784912,-6.3828368186950675,0.9873362183570862,0.13591751,-0.040317107000000005,3
5.583063125610352,10.189825057983398,-6.2707695960998535,0.6033291816711426,1.1227703000000002,0.046120327,3
2.9727606773376465,9.56775951385498,-5.468644142150879,0.35233891010284424,0.8332202,-0.75441855,3
0.6465346217155457,8.04689884185791,-4.223928928375243,-0.0689261332154274,0.8897252,-1.0867293,3
-0.6746505498886108,6.050633430480957,-2.8052845001220703,-0.5610985159873962,-0.9049969,-1.0690142,3
-1.0074702501296997,4.04291296005249,-1.6090021133422852,-0.8098196387290955,-1.6814066000000003,-0.9392053,3
-0.7401714920997621,2.2127764225006104,-0.9991412162780762,-0.8026337623596191,-1.3164146,-0.5213734999999999,3
-0.017663266509771347,0.8653575778007507,-0.8140020370483398,-0.5661284327507019,-0.6954701,0.46731192,3
0.695746123790741,0.4495278596878052,-0.8513033390045166,-0.22671303153038025,0.06963864,1.3133603,3
1.1460249423980713,1.0324041843414309,-0.4866094589233398,0.05097488686442375,0.116980694,1.3921618,3
1.3976932764053345,2.398473262786865,-0.5409994125366211,0.39225104451179504,-0.13164146,1.7369953000000002,3
2.337961435317993,4.995433330535889,-1.6993812322616575,0.8065590858459473,-0.079107046,2.7195720000000003,3
3.4417965412139893,7.65511417388916,-2.5889928340911865,0.5985090136528015,0.69027776,-1.2315043,3
4.1726956367492685,9.585960388183594,-3.0073039531707764,-0.17262554168701172,1.7809776000000002,-2.8163943,3
4.276965618133545,10.800848007202148,-4.076009750366212,-0.6409677267074585,-0.14874569,-1.8057177,3
4.3576340675353995,11.845658302307127,-6.194284915924072,-0.9312496781349182,-2.252871,-0.7510588,3
4.2997660636901855,12.861856460571287,-7.971755504608153,-1.264308214187622,-1.9788979,-0.93676186,3
4.293038845062257,13.988446235656738,-8.592434883117676,-1.6192589998245241,-0.7330383,-0.8408559999999999,3
4.881241321563722,14.083500862121582,-9.096957206726074,-1.7589545249938965,-0.03145956,-0.20066923,3
5.203536510467528,11.919086456298828,-8.124862670898438,-1.8040465116500852,-0.44012842,-0.7431175999999999,3
4.999635696411133,9.202710151672363,-6.458367347717285,-1.7487258911132812,0.040011674,-0.8399397,3
4.275869369506837,6.26706600189209,-5.271052360534668,-1.6959736347198486,0.14996742,-0.83108217,3
3.1920583248138428,3.106825113296509,-4.69844388961792,-1.4441471099853516,0.6053675000000001,-0.80909103,3
2.2332868576049805,0.10423671454191208,-4.444795608520508,-0.8589291572570801,1.5479325000000002,-0.27397305,3
1.5827836990356443,-2.00830340385437,-3.9751341342926025,-0.09934954345226288,2.151162,0.25381452,3
1.1434046030044556,-2.588742256164551,-3.0574162006378174,0.6443008780479431,1.7217237,1.2724323,3
0.5428051948547363,-1.8617601394653318,-2.0557293891906743,1.1869457960128784,0.30634892,1.8658879,3
-0.3348175585269928,0.03527391329407692,-1.5067917108535769,1.3901338577270508,-0.18600847,2.103209,3
-1.3020861148834229,2.6572580337524414,-1.68006432056427,1.319071888923645,-0.08552113,0.9969321,3
-1.2663389444351196,5.620553493499756,-3.64665412902832,0.9387057423591614,2.0796907,1.8863518,3
0.6209847331047058,8.049929618835451,-4.963331699371338,1.229843258857727,-2.1160371,-0.50823987,3
3.8171041011810303,8.927300453186035,-3.904841423034668,2.2932701110839844,-1.4309518,0.52656585,3
6.655816078186035,9.750697135925293,-4.938358783721924,2.1430902481079097,1.5528195,0.77182823,3
8.761140823364258,10.353231430053713,-6.7247562408447275,1.4734133481979368,1.3558153999999998,0.7357872,3
9.051891326904297,10.491480827331543,-7.474629878997803,0.9142470955848694,0.80481493,0.4718934,3
7.407940864562987,10.1964111328125,-7.277120590209961,0.4588271677494049,0.68875057,0.59650993,3
4.581416130065918,9.03197193145752,-6.5423994064331055,0.1946716010570526,1.0485502,-0.43676865,3
1.6798821687698364,7.623064517974853,-5.312650680541992,-0.1275000423192978,1.2663236999999998,-1.3747523,3
-0.6007893681526184,5.913564205169678,-3.548549175262451,-0.5516810417175293,-0.6979135000000001,-1.7959439,3
-1.6911526918411257,4.102436065673828,-1.9846570491790767,-0.8216357827186584,-1.7498235,-1.2098186000000002,3
-1.4733891487121582,2.4188544750213623,-0.9966135025024414,-0.8592573404312134,-1.9327776,-0.46089783,3
-0.306316077709198,1.2932292222976685,-0.6352460384368896,-0.6571372151374817,-1.1316278999999998,0.66737026,3
0.7102610468864441,1.0824766159057615,-0.6320350170135498,-0.30831390619277954,-0.40958515,1.6221527,3
1.1161571741104126,1.4666700363159182,-0.6113933324813843,-0.0512138269841671,0.33536503,1.6731599999999998,3
1.2173185348510742,2.1216847896575928,-0.039860866963863366,0.12921980023384094,-0.40103304,1.02717,3
1.4042609930038452,3.0289292335510254,0.27047812938690186,0.4332838952541351,-0.074830994,1.0421360999999998,3
3.319540977478028,5.11515998840332,-1.6384631395339966,0.7911037802696228,1.8869628,3.975511,3
4.234292507171632,7.655690193176269,-2.4152772426605225,0.11428573727607727,2.0570886,-3.8991528,3
4.176611423492432,9.459440231323242,-3.1409714221954346,-0.4573109149932861,1.6368134,-2.9297097,3
4.222239017486571,11.018009185791016,-5.161940097808838,-0.7226787209510803,-3.5228598,-1.9251418,3
3.9882583618164062,12.502832412719727,-7.133037090301514,-1.0139808654785156,-2.797152,-1.1099422,3
4.05615758895874,13.737015724182127,-7.937058448791504,-1.571625590324402,-1.8781052,-0.24831672,3
4.8861045837402335,13.897204399108887,-8.681305885314941,-1.9461073875427248,0.021380283,0.57451874,3
5.339641571044922,12.169279098510742,-8.382776260375978,-2.045554876327514,-1.1997393,-0.14538592,3
5.222353935241699,9.67544651031494,-7.467756748199463,-1.891672253608704,-0.63499445,-1.196685,3
4.944573879241943,7.148975372314452,-6.341150760650635,-1.6980632543563845,-0.31398472,-1.6584991000000002,3
4.321524143218993,4.035913944244385,-5.657851696014403,-1.5035644769668581,1.1753048,-1.6221527,3
3.4436941146850586,0.5367851853370667,-5.2087249755859375,-1.0626486539840698,2.0418172,-0.7715228,3
2.5908195972442627,-2.341921091079712,-4.432682514190674,-0.3560353219509125,1.7892243000000003,0.10354166,3
1.9536056518554688,-3.547264814376831,-3.3030331134796143,0.42269805073738104,0.93492925,1.3246613,3
1.315527319908142,-3.0490601062774663,-2.2437186241149902,1.087942123413086,0.14049901,1.9339994,3
0.4584368467330933,-1.3211228847503662,-1.7487341165542605,1.392633080482483,-0.43585235,1.7348573,3
-0.8006095290184021,1.723338007926941,-1.852437257766724,1.4199720621109009,-0.43799037,1.6762142,3
-1.4817990064620972,4.7920804023742685,-3.071131706237793,1.2752219438552856,0.112704635,0.91446525,3
-0.4630101919174194,7.5780510902404785,-5.442373752593994,1.1387718915939329,2.0470095,1.1032226,3
2.1896991729736333,9.808496475219727,-4.9021944999694815,1.8962152004241943,-2.586098,-0.13103059,3
5.2554030418396,10.789043426513672,-4.250256061553955,2.49960994720459,-0.68386364,1.1181888999999998,3
7.973798274993896,11.339866638183596,-5.6522560119628915,2.082316875457764,1.1029171999999998,0.8054258000000001,3
9.760552406311037,11.38080883026123,-7.320991516113281,1.4475836753845217,1.4746287,0.6630941999999999,3
9.653939247131348,11.14365291595459,-7.744472980499268,0.8354529142379761,1.3255776,0.6093381,3
7.7901082038879395,10.67565631866455,-7.379523277282715,0.3366450369358063,1.0534371,0.48349985,3
5.007653713226318,9.477707862854004,-6.756309509277344,0.04808273911476135,1.4541647,-0.6267477,3
1.9974082708358765,7.9058165550231925,-5.665415287017822,-0.28111687302589417,1.0155635,-1.668273,3
-0.7959205508232117,6.069239139556885,-3.8728225231170654,-0.6498334407806396,-0.6365215999999999,-2.3115141,3
-2.4689059257507324,4.1390976905822745,-2.207537651062012,-0.9238574504852296,-1.5735888,-1.6887369,3
-2.3592894077301025,2.284250020980835,-1.1457722187042236,-0.9991747736930848,-1.7602082,-0.32284227,3
-0.6480416059494019,1.2877355813980105,-0.9192031025886536,-0.74107825756073,-1.4844025,0.99204516,3
0.3513970971107483,1.3077425956726074,-1.0466377735137942,-0.32833704352378845,-0.44806966,1.6319264999999998,3
0.8465129733085632,1.8326340913772583,-1.1132601499557495,-0.026609675958752632,0.55771995,1.6392567999999998,3
1.4925078153610232,2.570260763168335,-0.4113072156906128,0.1920046359300613,-0.66859204,1.3020593,3
2.6333224773406982,4.0866308212280265,-1.2411948442459106,0.653021514415741,0.023823744,1.8817704,3
4.5812530517578125,6.587001323699951,-2.6536495685577397,0.8891847133636475,1.4471397,2.3747387000000004,3
4.638556480407715,8.968677520751953,-2.7996726036071777,0.23670050501823425,2.6117544,-3.688099,3
4.212455749511719,10.54240608215332,-3.2854576110839844,-0.2455017864704132,1.2452488000000002,-3.3820555,3
4.274003982543944,12.07644748687744,-4.917864799499512,-0.6384171843528748,-2.8875601000000004,-1.8515326,3
4.366793632507323,13.440215110778807,-7.085808277130128,-1.0408340692520142,-2.9321532,-0.7684685,3
4.462090492248535,14.364472389221193,-8.071151733398438,-1.5509412288665771,-1.4514158,-0.31581733,3
5.058758735656738,14.52767562866211,-8.699403762817383,-1.916266679763794,-0.3866777,0.29657507,3
5.466738224029541,13.32872486114502,-8.755437850952147,-1.9694558382034304,-1.2739595,0.22602014,3
5.280033588409424,11.06437873840332,-7.848110675811768,-1.8447524309158323,-0.8744536,-0.623388,3
5.001872539520264,8.593505859375,-6.450299263000487,-1.6925383806228638,-0.08002335,-1.0842858999999998,3
4.400744438171387,5.7291693687438965,-5.14898681640625,-1.5970042943954468,0.60994893,-1.1349876,3
3.513352155685425,2.5164687633514404,-4.471487998962402,-1.3261717557907104,1.1276573,-0.9407325,3
2.7205073833465576,-0.4963841438293457,-4.107522964477538,-0.7596461772918701,1.5195273,-0.17409660000000002,3
2.2011244297027592,-2.3652048110961914,-3.428746461868286,-0.017804600298404694,1.7165313999999998,0.79229224,3
1.7660057544708252,-2.651944398880005,-2.3949170112609863,0.7051665782928467,1.0418307,1.7400496,3
1.0402191877365112,-1.671682596206665,-1.6451897621154783,1.1430343389511108,0.06658431,1.5925257,3
-0.04761269688606262,0.4369431734085083,-1.4508321285247805,1.304449200630188,-0.5458081,1.6716328,3
-1.1917009353637695,3.2129793167114262,-1.7048799991607666,1.3012958765029907,-0.7470882,1.0238101000000002,3
-1.443917155265808,6.058898448944093,-3.658088207244873,1.1321029663085938,3.1658092,1.3573426000000002,3
-0.3063122034072876,8.61152172088623,-5.2899556159973145,1.3201625347137451,-0.6020076999999999,-0.68233645,3
2.554232358932495,10.343351364135742,-3.4611814022064213,2.1754865646362305,-2.2208006,0.6188064999999999,3
5.725592613220215,10.820034980773926,-4.001972198486328,2.075744152069092,0.37384954,1.0607675,3
8.194106101989746,10.829370498657227,-6.14609956741333,1.4902976751327517,1.9672915,1.0170907,3
8.841025352478027,10.327808380126953,-7.280384063720702,0.8829028606414795,1.6997325,0.5183192,3
7.212504863739014,9.684419631958008,-7.127596855163574,0.42869797348976135,0.7089091,0.14569137,3
4.678360939025879,8.702110290527344,-6.610654354095459,0.21150872111320496,1.2134838,-0.68752885,3
2.2503678798675537,7.636331558227539,-5.596890449523926,0.05429202318191528,1.7079792,-1.6206254999999998,3
0.07418816536664963,6.489491939544678,-4.031561851501465,-0.2659327983856201,0.4007276,-2.0619757,3
-1.4682055711746216,4.984162330627441,-2.35356068611145,-0.578260600566864,-1.5039502,-1.5201381,3
-2.091696262359619,3.1642513275146484,-1.0736931562423706,-0.7347996234893799,-2.2922719,-0.5506949999999999,3
-1.7092517614364624,1.610566020011902,-0.6151297092437744,-0.673248291015625,-1.2678508,0.33169982,3
-0.7631028294563293,1.145525574684143,-0.679312527179718,-0.39113903045654297,-0.6401868000000001,1.0552697,3
-0.09203387796878816,1.2700759172439575,-0.716526448726654,-0.10901761054992676,0.032375857,1.3402383,3
0.6548253893852234,1.7352331876754759,-0.16066952049732208,0.15672549605369568,-0.68600166,1.0195341,3
1.7415108680725098,3.023004531860352,-0.9558972716331482,0.6015512943267822,-0.31978795,1.9178114,3
3.738728046417236,5.584574699401856,-3.0294349193573,1.0742772817611694,1.890017,3.4800992,3
5.245009899139403,8.131983757019043,-3.424584150314331,0.5626689791679382,1.5754215,-2.273335,3
5.302548408508301,10.125328063964844,-3.459184169769287,-0.06902606040239334,2.9165761000000003,-4.4608436,3
4.9525580406188965,11.851051330566404,-4.552567958831787,-0.3642047941684723,-2.002111,-2.8554895,3
4.383326053619385,13.155463218688965,-6.57449197769165,-0.8303430080413818,-3.2290337000000005,-0.7147123000000001,3
3.63334321975708,14.188114166259766,-7.6845455169677725,-1.35219144821167,-2.4911084,0.21013765,3
3.6863508224487305,14.64889430999756,-7.963001251220702,-1.734103441238403,-0.6618725000000001,0.40042216,3
4.0237340927124015,13.789048194885256,-7.997591018676758,-1.9955903291702268,-0.82863873,0.93462384,3
3.91646671295166,11.174884796142578,-7.497047424316406,-1.8936580419540403,-0.8900306999999998,-0.59437186,3
4.039483070373535,8.306797027587889,-6.421957969665527,-1.6402159929275513,0.0711658,-1.5540411,3
4.1440720558166495,5.275233268737793,-5.304277420043945,-1.4417911767959597,1.0910053,-1.9938642,3
3.887906312942505,1.792715311050415,-4.659659862518311,-1.138681411743164,1.4107933,-1.5815301000000002,3
3.4183883666992188,-1.1519372463226318,-4.092916011810304,-0.5513618588447571,1.350623,-0.66889745,3
2.7266626358032227,-2.657456636428833,-3.271083354949951,0.16727550327777865,1.0549643,0.5308419,3
1.8344473838806152,-2.5924222469329834,-2.428261995315552,0.8711440563201904,0.5360342,1.6203201,3
0.6754908561706543,-1.2175694704055786,-2.0642201900482178,1.2825415134429932,0.08002335,2.0109684,3
-0.556965172290802,1.2247314453125,-2.1977987289428706,1.3523114919662476,0.024129177,1.8044959,3
-1.2566851377487185,4.20428991317749,-3.550084114074707,1.2684706449508667,0.7244862,0.6261369000000001,3
-0.5993500351905823,7.063663005828857,-5.779276371002197,1.261547565460205,2.1514673,0.6976081000000001,3
1.494743824005127,9.44394588470459,-4.818072319030762,1.6533609628677368,-2.4788911,-0.8875871999999999,3
4.209943771362306,10.967594146728516,-2.7709927558898926,2.2660958766937256,-1.7305813,0.91813046,3
6.944068908691406,11.322918891906738,-3.2048418521881104,1.9187299013137815,0.9309586,1.0396926,3
9.10653305053711,11.493627548217773,-5.3311195373535165,1.360356092453003,1.2678508,0.9092729,3
9.441987991333008,11.25212860107422,-6.116836071014403,0.8472921252250671,0.52870387,0.77274454,3
7.235933780670166,10.534937858581543,-5.990120887756348,0.4461845457553864,0.9309586,0.3659083,3
4.530367374420166,9.44866943359375,-5.515471935272217,0.22120682895183566,1.4969252,-0.6151413,3
1.952736258506775,8.152457237243652,-4.269180774688722,-0.06366711854934692,1.221425,-1.3240504,3
-0.06044577062129975,6.55907678604126,-2.6644532680511475,-0.458282083272934,-0.9456194,-1.5012014,3
-1.1582657098770142,4.64573335647583,-1.3541098833084106,-0.6927327513694763,-2.2293527,-0.8491027,3
-1.2765543460845947,2.656841516494751,-0.7439716458320618,-0.7670033574104309,-1.5357152,-0.28069258,3
-0.465932160615921,1.4214724302291868,-0.519059956073761,-0.5856214165687561,-0.9233228,0.5317582,3
0.4103796184062958,1.0467668771743774,-0.6232562065124512,-0.3008064031600952,-0.34391713,1.3732251,3
0.9738502502441406,1.1746352910995483,-0.7430774569511414,-0.0226740725338459,0.06597344599999999,1.5192219,3
1.4540350437164309,1.7755261659622192,-0.2090580314397812,0.3108702898025513,-0.7254025,1.616044,3
2.5424070358276367,3.5615968704223637,-1.2705515623092651,0.8473852872848511,0.5543602,3.6990945,3
4.2783074378967285,6.232264995574951,-2.7792935371398926,0.76022869348526,0.9224065,-0.29260445,3
4.582784652709961,8.554622650146483,-2.912682056427002,0.07823696732521057,2.5100453,-3.2104023,3
4.572883129119873,10.021519660949707,-3.8703091144561768,-0.3663097023963928,0.54305923,-2.4388795,3
4.908205986022949,11.648029327392578,-6.057048320770264,-0.6762883067131042,-2.0207422,-0.95630956,3
5.125232696533203,12.806354522705078,-7.728118896484375,-0.9773042798042296,-1.91323,-0.23732115,3
5.564006328582764,13.229854583740234,-8.422736167907715,-1.3952444791793823,-0.57543504,0.009773844,3
6.107417583465576,13.025264739990234,-8.485465049743652,-1.6286289691925049,0.3943135,-0.48380527,3
6.185016632080077,12.047587394714355,-7.999433517456055,-1.6483384370803833,-0.80573124,-0.5644395000000001,3
5.514674186706543,10.321334838867188,-6.8794708251953125,-1.5213273763656616,-1.239751,-1.3130548,3
4.6975436210632315,8.545925140380861,-5.448050022125244,-1.448198914527893,0.06383542,-1.1621711,3
3.727067470550537,6.311594009399414,-4.1399145126342765,-1.5723896026611328,0.6612616,-1.1151345,3
2.8033249378204346,3.3843088150024414,-3.427861213684082,-1.6047126054763794,0.73426,-0.70432764,3
1.9084900617599487,-0.010737724602222444,-3.104663848876953,-1.16594135761261,0.95142263,0.09896017,3
0.9737492799758912,-3.0719814300537114,-2.562832832336426,-0.34658756852149963,0.7473936,0.5665775,3
0.34077244997024536,-4.37720251083374,-1.9180254936218264,0.5653070211410522,0.30695978,1.235475,3
-0.15669941902160645,-3.139832735061645,-1.546183705329895,1.1946076154708862,-0.7147123000000001,1.4477507,3
-0.5112310647964478,-0.4839771687984466,-1.676108479499817,1.365446925163269,-1.1450669,1.6545285,3
-0.2946655750274658,2.22633957862854,-3.0189409255981445,1.2845489978790283,1.2709051000000002,0.52656585,3
0.643115758895874,5.2725114822387695,-5.547984600067139,1.1806597709655762,2.336865,1.6658295,3
2.397808790206909,7.988407611846924,-5.378641128540039,1.2572766542434692,-1.7922786,-0.66798115,3
4.369354248046875,9.8060941696167,-3.490812063217163,1.777448296546936,-1.2886202,0.3051272,3
6.387867450714111,10.135863304138184,-3.39801025390625,1.5930774211883545,0.44409904,0.7486154,3
8.329163551330566,10.21961784362793,-5.385193347930908,1.163035273551941,1.820073,0.60994893,3
9.312888145446776,10.169838905334473,-6.8059630393981925,0.7675923705101013,0.7162395,0.2764165,3
8.669599533081055,9.808088302612305,-6.953552722930907,0.4782459437847138,0.19456059,-0.02321288,3
6.390185356140138,9.215133666992188,-6.2285871505737305,0.29079532623291016,1.0305296,-0.49418998,3
3.9240994453430176,8.369065284729004,-5.002885341644287,0.10841469466686247,1.2977833,-1.1820242,3
1.9134074449539185,7.275216579437256,-3.49039626121521,-0.2725476920604706,0.7351763000000001,-1.3741413,3
0.7366871237754822,5.728766441345215,-2.0885164737701416,-0.6477118730545044,-0.8518515999999999,-0.81122905,3
0.1937689632177353,3.6518340110778813,-1.3074679374694824,-0.7691364884376526,-1.3732251,-0.17715092,3
0.0067654429003596315,1.5644283294677734,-1.0791891813278198,-0.6701498627662659,-0.6133086999999999,0.19700404,3
0.1576978713274002,0.3740205764770508,-1.027554273605347,-0.4100188612937927,-0.13561209,0.80664754,3
0.17128582298755646,0.002948852721601725,-1.0852087736129759,-0.07233870774507523,-0.081855945,1.1026118,3
0.3341316282749176,0.11656530946493147,-1.1224128007888794,0.2569097578525543,-0.40469822,1.033584,3
0.8155897855758667,0.7637332081794739,-0.5943130850791931,0.649143397808075,-1.2727377,1.241889,3
2.451502084732056,3.2076995372772217,-1.850624442100525,1.1826069355010986,1.5384641,5.856365,3
4.3733906745910645,5.959188938140869,-2.4821035861968994,0.6919610500335693,0.33414328,-2.4715607000000004,3
4.722759246826172,7.643693923950195,-2.438884735107422,0.025387223809957504,4.0585885,-2.7406467999999995,3
4.735224723815918,8.914027214050293,-3.6894528865814213,-0.3627432286739349,0.8735373,-2.1022928,3
4.88750696182251,10.747380256652832,-5.91361141204834,-0.6928860545158386,-1.314582,-1.0668761999999998,3
4.5462751388549805,11.95954418182373,-6.878367900848389,-0.8903462886810303,-2.6487117,-0.8368853999999999,3
4.2130680084228525,12.347639083862305,-7.1468873023986825,-1.1161462068557741,-1.0882565,-0.226631,3
4.425607204437256,12.220010757446287,-7.14293384552002,-1.2687747478485107,0.48991394,0.61483586,3
4.599277973175049,10.942886352539062,-6.5610198974609375,-1.3346675634384155,-0.65087694,-0.17043139999999998,3
4.494628429412842,8.993224143981934,-5.642293453216553,-1.3368037939071655,-0.85918194,-0.729984,3
4.1455721855163565,6.734632968902588,-4.553354263305664,-1.3255220651626587,-0.122783914,-1.1120802,3
3.5715982913970947,4.235944747924806,-3.5261619091033936,-1.3775397539138794,0.43554693,-1.0305296,3
2.856520414352417,1.4618299007415771,-3.0135698318481445,-1.2845414876937866,0.6936375,-0.6737844,3
1.820844292640686,-1.2898939847946167,-2.7405292987823486,-0.8389691114425659,1.2116512,0.116675265,3
0.8225170969963074,-3.078681945800781,-2.190706729888916,-0.14549829065799713,1.1484267,0.79351395,3
0.22835972905159,-3.2220125198364262,-1.4598531723022459,0.5708479285240173,0.31856623,1.4782939,3
-0.2644908428192139,-1.8349575996398928,-0.9708803296089172,0.976573646068573,-0.7852673000000001,1.863139,3
-0.5562291741371155,0.9685387015342712,-1.473229169845581,1.0502594709396362,-0.6188064999999999,1.4801265,3
-0.3691057860851288,4.081071853637694,-3.589532852172852,0.964320957660675,2.4898868,0.6310238,3
0.828988790512085,6.982100963592528,-4.7591166496276855,0.9723542332649232,1.7754797999999998,0.364992,3
2.8963129520416264,9.143757820129396,-2.4747300148010254,1.265861749649048,-1.4459181,-0.5311473000000001,3
5.038008689880371,9.829419136047363,-1.4210784435272217,1.672526240348816,-0.95111716,-0.08552113,3
7.154888153076173,9.585183143615724,-2.9406397342681885,1.456855297088623,2.1209242,0.50915617,3
8.399938583374022,9.55894374847412,-4.938994407653809,1.0882592201232908,2.4718661,0.38759398,3
8.198473930358888,9.50161361694336,-5.767696857452393,0.8025003671646118,1.063211,0.29138273,3
6.679595470428468,9.459365844726562,-5.61249589920044,0.6741229295730591,0.528093,-0.11759156,3
4.66722297668457,9.186195373535156,-5.071436882019043,0.5661416053771973,1.7318029,-0.7699956,3
2.7903952598571777,8.484929084777832,-4.029804229736328,0.3320755362510681,1.616044,-1.3011429,3
1.346469521522522,7.338864326477051,-2.8072888851165767,-0.02061639539897442,0.3295618,-1.1307116,3
0.4588392376899719,5.698550224304199,-1.7694100141525269,-0.2550235688686371,-1.3045027,-0.79259765,3
-0.04522435739636421,3.8627851009368896,-1.218610763549805,-0.3299978971481323,-1.1139128,-0.36193767,3
-0.21135713160037994,2.282630920410156,-0.8778823018074036,-0.2907097339630127,-0.10873401,0.21746802,3
-0.020099848508834842,1.3577733039855957,-0.4471552670001984,-0.11170326173305513,0.07666359,0.79045963,3
0.24109601974487305,0.8950380682945251,-0.2714463472366333,0.14384856820106506,0.36377025,0.9083565999999998,3
0.5186423063278198,0.696251630783081,-0.09073332697153093,0.4693748652935028,-0.17501289,0.6826419,3
1.4608315229415894,1.5192586183547974,-0.6902386546134949,0.9472551941871644,0.552833,1.8060231,3
3.9072551727294917,4.168923854827882,-2.9324393272399902,1.374260425567627,2.8212812,5.4260106,3
4.754341125488281,6.9164371490478525,-3.32832407951355,0.912183165550232,0.05772676700000001,-2.3930645,3
4.604886054992676,8.919498443603516,-3.1488397121429443,0.5005804300308228,3.1282408,-2.994767,3
4.309476852416991,10.766745567321776,-4.0808210372924805,0.25594520568847656,0.5503895999999999,-1.8790215,3
4.730403423309326,12.335718154907227,-6.315887451171875,-0.09162718057632446,-0.95081174,-0.8020661,3
5.220009803771973,12.830289840698242,-7.769087314605713,-0.406237930059433,-1.9477439,-0.6065891999999999,3
5.435247421264648,12.692745208740234,-8.112850189208983,-0.7005008459091187,0.009773844,-0.63804877,3
5.559871196746826,12.881232261657715,-7.830279350280763,-0.9241546392440796,0.6936375,-0.4541782999999999,3
5.392315864562988,12.299661636352539,-7.351005554199219,-0.9496632814407348,-0.27550024,-0.9428705,3
4.984233856201172,10.796602249145508,-6.500274658203125,-0.9546634554862976,-0.2678644,-1.0027353,3
4.415266036987305,8.910161018371582,-5.389812469482422,-1.0952779054641724,0.6261369000000001,-0.8958339,3
3.530449390411377,6.382834911346436,-4.332631587982179,-1.3175920248031616,1.6132951000000002,-0.9783007,3
2.6839914321899414,3.292200803756714,-3.4892899990081787,-1.379946231842041,1.9382755,-0.5131268,3
1.838780760765076,0.16906556487083435,-2.7447235584259038,-1.0452731847763062,1.4892895,0.3408628,3
1.0542144775390625,-1.5329883098602295,-1.993640422821045,-0.38329342007637024,0.7134906,1.0968086,3
0.4226056337356568,-1.5119071006774902,-1.3590664863586426,0.2840656340122223,0.2846632,1.6212363,3
-0.10172940045595168,-0.34694457054138184,-1.0463441610336304,0.6187184453010559,0.13591751,1.3234396000000002,3
-0.6924245953559875,1.4665697813034058,-1.0713447332382202,0.7219365835189819,-0.12064589,1.4688255,3
-0.7391905784606934,3.274544715881348,-1.834658145904541,0.7790580987930298,0.20647246,-0.36102137,3
0.14220060408115387,5.885340213775635,-4.2036213874816895,0.8514227271080017,4.3053784,0.21868975,3
1.6713535785675049,8.423643112182617,-4.434816837310791,1.0524126291275024,0.40744713,-0.98471475,3
3.4916803836822514,10.333126068115234,-2.1855356693267822,1.4961904287338257,-0.98990715,-0.32162055,3
5.414507865905762,10.602310180664062,-1.8434158563613887,1.3253884315490725,0.42852196,0.08277224,3
7.267038345336914,10.379759788513184,-3.942671775817871,0.9978338479995728,2.5696046000000003,0.18112154,3
8.247912406921388,10.249757766723633,-5.8483991622924805,0.8103866577148438,2.4889705,-0.100792766,3
7.985268115997314,9.966129302978516,-6.148550987243652,0.6954020261764526,0.6783658,-0.17073683,3
6.677093505859375,9.663084983825684,-5.417668342590332,0.6133906841278076,1.5384641,-0.41050145,3
4.796338081359863,9.018961906433104,-4.5628437995910645,0.4791858792304993,2.3490822,-1.0302242,3
2.938429832458496,8.216174125671388,-3.6246149539947514,0.2715551555156708,1.9220876,-1.5076154,3
1.4857140779495241,7.1330604553222665,-2.5781493186950684,0.018688760697841644,0.6795876000000001,-1.3979651000000002,3
0.5165798664093018,5.629753112792969,-1.770364761352539,-0.154020756483078,-0.58276546,-0.86406887,3
-0.13641126453876495,3.783899307250977,-1.3431768417358398,-0.1712491512298584,-0.47219884,-0.2321288,3
-0.5009130835533142,2.0946416854858403,-0.8903563618659973,-0.07511577755212784,-0.007941248,0.4129449000000001,3
-0.4830332696437836,1.0331699848175049,-0.4871136546134949,0.11580777168273924,0.25900686,1.0320568,3
-0.13040754199028015,0.42517182230949396,-0.4482732117176056,0.4256288409233093,0.28955013,0.9636399,3
0.5252282023429871,0.21724390983581546,-0.6469453573226929,0.8725395202636719,-0.28619036,1.2586879,3
1.9594360589981081,1.1904866695404053,-1.825295329093933,1.3312548398971558,1.1710287,3.5283577000000004,3
4.47439432144165,3.8570785522460938,-4.023382663726807,1.5279372930526731,2.0121900000000004,3.0906727000000003,3
4.700700283050537,6.57384729385376,-3.1256525516510014,1.0939671993255615,1.8048013,-5.057048,3
3.6707947254180913,8.95358943939209,-2.9771616458892822,0.8123292326927185,2.9611692,-2.1728477,3
3.47339415550232,10.987907409667967,-4.729601860046387,0.2703728675842285,-0.20769419,-0.6273586,3
4.033466815948486,12.29008960723877,-6.295229911804199,-0.09682190418243407,-1.8423696,-0.13225232,3
4.551880836486816,12.696089744567873,-6.552836894989014,-0.3747716248035431,-1.4923438,-0.59895337,3
5.205498218536377,12.868284225463867,-6.705428600311278,-0.7199234366416931,0.88789266,-0.7330383,3
5.869465827941895,12.408504486083984,-6.911154270172119,-0.8363652229309082,0.5757405,-0.8555168,3
5.919761657714844,11.006806373596193,-6.784768104553223,-0.6802080869674683,-0.47861293,-1.2104294,3
5.4424147605896,9.31652545928955,-6.2438087463378915,-0.6498234868049622,-0.06261369,-0.9443977,3
4.522829055786133,7.384848117828369,-5.435912609100342,-0.7614068388938904,1.0708468,-0.6395759,3
3.227092027664185,5.069558620452881,-4.5452003479003915,-0.9397428631782532,1.8945986,-0.6960809,3
2.0231740474700928,2.5655677318573,-3.614088773727417,-0.9437364339828492,1.7525723999999998,-0.05497787,3
1.1109064817428589,0.31133395433425903,-2.725874662399292,-0.616078794002533,1.0027353,0.5225952,3
0.4389813244342804,-1.0250202417373655,-1.94130539894104,-0.07481051981449127,0.6056729000000001,1.1771374,3
-0.13342846930027008,-1.187122821807861,-1.285045504570007,0.4025856852531433,0.4746423,1.3115277,3
-0.5777066946029663,-0.3614305853843689,-0.8194165825843811,0.6628103852272034,0.54275376,0.78893244,3
-0.8706979751586914,0.9191762804985046,-0.5768163204193115,0.8051867485046387,0.10323623,0.30909783,3
-0.9161168336868286,2.3656246662139893,-0.709908127784729,0.9090290069580078,-0.4343252,0.5137377000000001,3
-0.4073940813541413,4.275402069091797,-1.7813735008239746,0.9751910567283629,-0.34941490000000003,0.89858276,3
1.1425249576568604,6.844790935516357,-4.295899391174316,1.0176745653152466,2.0341814,0.06627888,3
3.976834774017334,9.199555397033693,-4.943992137908936,1.5009686946868896,0.88422745,-0.5910121,3
6.569110870361327,10.476373672485352,-4.108271598815918,1.973310589790344,1.1468995000000002,0.5580254,3
7.991677284240723,11.010811805725098,-4.879985809326172,1.533437967300415,1.3326025,0.3115413,3
8.64754581451416,11.598281860351562,-6.99437141418457,1.1235827207565308,1.1139128,0.06658431,3
8.736422538757324,11.933080673217773,-8.765202522277832,0.8955483436584473,1.1029171999999998,-0.08002335,3
8.133236885070799,11.853156089782715,-9.016124725341797,0.7832635045051575,0.7119634,-0.17287487,3
6.8180809020996085,11.332274436950685,-7.90531587600708,0.6613538265228271,1.4877623,-0.548557,3
5.180322647094727,10.408822059631348,-6.416593074798584,0.33452925086021423,2.1789563,-0.86926126,3
3.2668993473052983,9.22055721282959,-5.179891109466553,-0.11077706515789032,1.7580702,-1.1768318000000002,3
1.086100459098816,7.529250621795653,-3.877230405807495,-0.4274970591068268,-0.1777618,-1.0210613000000002,3
-0.5418204069137573,5.117217540740967,-2.935800313949585,-0.4961974620819092,-1.035722,-0.22540927,3
-1.0026004314422607,2.7642080783843994,-2.3348658084869385,-0.35439759492874146,-1.2153164,0.15057829,3
-0.5062375664710999,1.4460493326187134,-1.907986640930176,-0.08057842403650284,-0.9611965,0.4269948,3
0.4769146740436554,0.9988883137702942,-1.621724247932434,0.17290428280830386,-0.29779682,0.60231316,3
1.8432966470718384,1.3057610988616943,-1.1827186346054075,0.3170375525951385,0.33750305,0.9025534,3
3.462064504623413,2.4857308864593506,-0.4413637816905975,0.4294725954532623,-0.056199603,1.1093313,3
4.928390026092528,4.899794101715088,-1.337389588356018,0.6063905358314514,2.271197,0.40958515,3
3.943833351135254,7.530743598937987,-2.234308958053589,0.4070684313774109,3.0381384,-2.6917777000000003,3
3.5326547622680664,9.041096687316896,-2.8952226638793945,-0.2292808443307877,0.8539896,-1.1887437,3
3.7163243293762207,9.635355949401855,-4.481802463531494,-0.5411011576652527,-2.9819386000000003,0.07971791,3
3.92072343826294,10.939170837402344,-6.584589958190918,-0.6625733971595764,-0.9764681,0.005497787,3
4.3534326553344735,12.466851234436035,-7.191218376159668,-1.0536284446716309,-1.3833044,-1.349096,3
5.073474884033203,13.344491958618164,-7.814400196075439,-1.2943762540817259,-0.1133155,-0.9221011,3
5.998490333557129,12.664461135864258,-8.192381858825684,-1.4414633512496948,0.076052725,-0.44501534,3
6.63400411605835,10.958001136779783,-7.8467650413513175,-1.5491938591003418,-0.040011674,-0.27000242,3
6.343259334564209,8.634541511535645,-7.2363853454589835,-1.5429551601409912,0.09285152,-0.5635232,3
5.410202503204347,6.0959720611572275,-6.4096455574035645,-1.4330404996871948,0.83108217,-0.86009824,3
4.2964043617248535,3.5380303859710693,-5.3571367263793945,-1.1933701038360596,1.1065824,-0.85918194,3
3.150187492370605,1.1714209318161009,-4.410921573638916,-0.8249284625053406,0.9761627,-0.623388,3
1.863711953163147,-0.7057722210884094,-3.6641356945037837,-0.3685435354709625,1.0366384,-0.16096300000000002,3
0.6093557476997375,-1.7016841173171997,-2.934544563293457,0.15120829641819,1.0797043,0.5488624,3
-0.4523026645183563,-1.6143449544906616,-2.2614645957946777,0.6570993065834045,0.69027776,1.1710287,3
-1.177551507949829,-0.3835621476173401,-1.7679283618927002,0.9971122145652772,0.029626964,1.5244142,3
-1.445757269859314,1.971279621124268,-1.8406665325164795,1.2085646390914917,0.31581733,1.2046263,3
-1.3478193283081057,4.9829745292663565,-3.406177759170532,1.2433817386627195,1.1120802,0.6282749,3
0.32976511120796204,7.723812580108643,-4.784834861755371,1.193183183670044,1.0241156,-0.49510628,3
2.7532405853271484,9.43178653717041,-3.369051218032837,1.7636052370071411,-2.624888,-0.72173727,3
4.955754280090332,9.918715476989746,-2.732898712158203,2.019336700439453,-0.44593164,0.22602014,3
6.9354777336120605,10.697020530700684,-4.111303806304932,1.6458054780960083,1.9034561,0.5684100999999999,3
8.233552932739258,11.461661338806152,-5.876968860626222,1.2774628400802612,1.1820242,0.23518312,3
8.222556114196777,11.637460708618164,-6.787020683288574,1.057942271232605,0.6215554,0.0693332,3
7.222756385803223,11.384140968322756,-6.667122840881348,0.8516727685928345,0.5207626000000001,0.023823744,3
5.718156814575195,10.27547550201416,-5.869875907897949,0.5685083270072937,1.2889256000000002,-0.52839845,3
3.887683391571045,8.684623718261719,-4.909323692321777,0.1842746138572693,1.2983941,-1.1814133999999998,3
1.9366029500961304,6.836149215698242,-3.815500497817993,-0.12202434241771698,0.06536258,-1.3115277,3
0.3665289282798767,4.764684677124023,-2.665593385696411,-0.20233851671218872,-1.2067643,-0.63499445,3
-0.5928699970245361,2.910286903381348,-1.7494961023330688,-0.14283962547779086,-0.95081174,-0.28160888,3
-0.61705082654953,1.8190447092056277,-0.9631458520889282,0.031125927343964577,-0.9459248,0.183565,3
0.15804924070835116,1.353484869003296,-0.5727530121803284,0.2774988412857056,-0.5366451,0.8381071,3
1.1286427974700928,1.281055927276611,-0.590710461139679,0.4956277906894684,0.23701571,1.0027353,3
2.0280811786651607,1.560219645500183,-0.433926522731781,0.6905739307403564,0.22999077,0.78038037,3
2.860825538635254,2.3069710731506348,0.03314343094825745,0.8678876161575317,0.49877146,0.36713,3
3.985790729522705,4.421880722045898,-0.7201157212257385,0.9066688418388368,2.5247061,0.6450737,3
3.181044578552246,7.114092826843263,-2.1440486907958984,0.6817761063575745,2.2840252,-1.7061466,3
3.210599422454834,8.329973220825195,-3.081267833709717,-0.02781437151134014,0.60048056,-0.9550878,3
3.643059253692627,9.25124740600586,-4.984917640686035,-0.3306110799312592,-2.3096814,-0.4089743,3
3.8087899684906006,10.853164672851562,-6.703871250152588,-0.5583401918411255,-1.3799446000000002,-1.1505647,3
3.9007861614227295,12.43545913696289,-7.35506534576416,-0.8955485224723816,-1.7708983,-1.9960022,3
4.366495132446288,13.221433639526367,-8.013025283813478,-1.0612059831619265,-0.3622431,-0.8173377,3
4.930387020111084,12.565924644470215,-8.027546882629395,-1.243497610092163,-0.8042041,-0.4175264,3
5.0661211013793945,10.79790210723877,-7.550374984741211,-1.3989685773849487,-1.1362093999999998,-0.3359759,3
4.816997051239014,8.43743896484375,-6.764671802520753,-1.441735029220581,-0.11575896,-0.5751295999999999,3
4.457784652709961,5.8763484954833975,-5.591423988342285,-1.4337193965911863,1.1594223,-0.6768387,3
3.9809086322784415,3.1018772125244136,-4.098924160003662,-1.2706953287124634,1.4013249,-0.96791595,3
3.3041057586669917,0.5100054740905762,-2.8859424591064453,-0.835282564163208,0.4297437,-0.9104946,3
2.396833896636963,-1.424731969833374,-2.25223159790039,-0.20977026224136355,0.20861048,-0.3585779000000001,3
1.3389225006103516,-2.298911094665528,-1.9334512948989868,0.4329513311386109,0.54000485,0.68294734,3
0.3312235772609711,-2.0864217281341557,-1.7249528169631958,0.9290031194686891,0.52198434,1.4431691,3
-0.4588421583175659,-0.771548867225647,-1.546527624130249,1.1206320524215698,-0.01985312,2.3307564,3
-0.5759744048118591,1.3960999250411987,-1.7141271829605105,1.0905617475509644,0.35705075,1.7663169,3
0.11524304002523422,4.3780431747436515,-3.6000101566314697,0.9525983333587646,1.3640621000000002,2.2317963,3
1.8145304918289185,7.210771083831787,-5.076631546020508,0.9341183304786682,-0.98654735,-0.7623598,3
3.860502004623413,8.643380165100098,-3.9104549884796143,1.4817044734954834,-1.856114,-0.4196644000000001,3
5.875859260559082,8.856131553649902,-4.1052656173706055,1.5693604946136477,-0.022602014,0.7101309,3
7.806875705718994,9.124650955200195,-5.786213397979736,1.134280800819397,1.3115277,0.7690793,3
8.861882209777832,9.4933443069458,-6.914885520935059,0.7850909233093262,1.0900891,0.51923543,3
8.488212585449219,9.590380668640137,-6.876002311706543,0.5257343053817749,0.24281894,0.6637050999999999,3
7.016772747039795,9.632372856140137,-6.1210784912109375,0.29204872250556946,-0.18081611,0.27977628,3
5.233505725860597,9.456076622009276,-5.0811285972595215,0.12782946228981018,0.95081174,-0.3032946,3
3.188197374343872,8.669254302978517,-3.911591291427612,-0.16452287137508392,1.8637499,-1.2953397,3
0.9718152284622192,7.301101207733153,-2.6507821083068848,-0.486028403043747,0.26389378,-1.6676620999999998,3
-0.3596410751342773,5.31647253036499,-1.3754621744155884,-0.6220447421073914,-1.5332718,-0.6404922,3
-0.8322844505310059,2.740100860595703,-0.7100422382354736,-0.5772053599357605,-2.1108449,0.27763826,3
-0.4845806360244751,0.5458613038063049,-0.7167630791664124,-0.30022114515304565,-1.1181888999999998,1.4422529,3
-0.012909396551549436,-0.495620459318161,-1.0902516841888428,0.02417782321572304,0.16462818,1.5360206,3
0.27742698788642883,-0.6594069600105286,-1.1758322715759275,0.30719080567359924,-0.20738874,1.0861185,3
0.83062344789505,0.034040041267871864,-0.7330150604248047,0.6647302508354187,-1.2046263,0.6951646,3
2.7939095497131348,2.2667887210845947,-1.5437610149383545,0.9853999018669128,-0.8032878000000001,1.8237382,3
4.2389612197875985,5.214858055114746,-2.308657646179199,0.8983498811721802,1.2959507,-0.051618114000000014,3
4.142886161804198,7.1750831604003915,-2.4266111850738525,0.33720269799232483,3.2452216,-2.7207937,3
4.549881458282472,7.89547061920166,-3.6992149353027344,-0.1284327358007431,0.8903360999999999,0.0009162979,3
5.104241847991943,9.180880546569824,-6.029678821563722,-0.4378041326999664,-1.280679,0.022602014,3
4.866078853607178,10.943480491638184,-7.373519420623778,-0.5208603739738464,-1.207986,-1.289842,3
4.662026882171631,12.29527187347412,-7.685640335083008,-0.5495936870574951,-0.89369583,-1.9208658,3
5.141870021820068,12.620584487915039,-8.023991584777832,-0.4833122193813324,0.37568212,-0.6206391,3
5.565013885498047,11.681772232055664,-7.25904369354248,-0.6098940372467041,-0.14538592,-0.6047566,3
5.2861104011535645,10.256791114807127,-5.822179317474365,-0.8465317487716675,-0.5488624,-0.37720928,3
4.567716598510742,8.390989303588867,-4.641921043395996,-1.0357108116149902,-0.04184427,-0.41630468,3
3.5723993778228764,6.086526393890381,-3.8381507396698,-1.183599829673767,0.7458665,-0.6606508000000001,3
2.6666266918182373,3.3701839447021484,-3.4060878753662114,-1.1181524991989136,1.357648,-0.5589417,3
2.048636674880981,0.5538738965988159,-3.1351518630981445,-0.6751139760017395,0.8524625,0.048563786,3
1.3564890623092651,-1.1348729133605957,-2.5196774005889893,0.008042735978960991,0.5021312,0.623388,3
0.721670925617218,-1.4508062601089478,-1.850974917411804,0.6733999252319336,0.50854534,0.97341377,3
0.2271892726421356,-0.8752984404563904,-1.4727610349655151,1.0723516941070557,0.48166725,1.207986,3
-0.059597540646791465,0.3229514062404633,-1.5967700481414795,1.2209755182266235,0.48441613,1.2275337,3
-0.059479411691427224,2.458026885986328,-2.424168109893799,1.1988719701766968,0.20891592,2.0613647,3
0.3807802498340607,5.366038799285889,-4.75960636138916,1.0055478811264038,1.8304577,2.1203132,3
2.0684032440185547,7.956824779510497,-4.5291099548339835,1.221563458442688,-3.283706200000001,-2.4749205,3
4.854906558990479,9.548883438110352,-3.1712331771850586,2.1584644317626958,0.35796702,-1.282817,3
7.114867687225343,10.571086883544922,-3.8331995010375977,1.716785550117493,3.6673295,0.20677789,3
8.443432807922362,11.334745407104492,-5.222372055053711,1.1618882417678833,1.4248432,0.43066,3
8.754199028015138,11.712194442749025,-6.3985838890075675,0.8234825134277344,0.81000733,0.33628133,3
8.104972839355469,11.639627456665039,-7.0066776275634775,0.6128518581390381,1.5018122,0.053450707,3
6.738140106201173,11.04855251312256,-6.759033203125,0.4522286057472229,1.922393,-0.73914695,3
5.39763069152832,10.028190612792967,-5.898123741149902,0.2509969770908356,2.4016168,-1.1169671,3
4.379179954528809,8.675385475158691,-4.628060817718506,-0.10512441396713257,2.6816983,-1.1633928999999998,3
3.4078972339630127,6.936080455780028,-3.348773002624512,-0.4566897451877594,2.2058344,-1.1710287,3
2.39282751083374,4.864480495452881,-2.38594913482666,-0.5811886191368103,0.9737192,-0.9315695,3
1.3240216970443726,2.7974653244018555,-1.7893455028533936,-0.4810609817504883,0.81000733,-0.42180246,3
0.4273645877838135,1.1049039363861084,-1.4301451444625854,-0.25605508685112,1.450805,0.21410827,3
-0.032506752759218216,0.010434553027153015,-1.100940465927124,0.048916056752204895,1.5238034,0.4578435,3
-0.19888417422771454,-0.7005000114440918,-1.0240086317062378,0.3916994035243988,1.8903224,0.38728857,3
-0.21375398337841034,-0.755632221698761,-1.0131328105926514,0.7287891507148743,1.1988231000000005,0.3136793,3
0.23543430864810946,0.06286907941102983,-0.8736766576766968,1.0490301847457886,0.77457714,0.7287621999999999,3
1.5222045183181765,2.652425765991211,-2.0040123462676998,1.2402280569076538,1.6551393,2.8081474,3
3.549968004226685,5.653191089630128,-2.4205119609832764,0.8611462116241455,0.7699956,-2.702468,3
4.464743614196777,7.87493896484375,-3.2297961711883545,0.6890455484390259,3.1172454,-1.4810427,3
5.545875549316406,9.000242233276367,-5.077290058135986,0.4598173201084137,1.815797,-0.13164146,3
6.933750629425049,9.861029624938963,-7.3935933113098145,0.2467341721057892,1.4355333,-0.49388456,3
7.5609984397888175,10.47757625579834,-8.430121421813965,0.3674800992012024,0.74067414,-1.2348641000000002,3
6.957455635070801,11.038534164428713,-8.593561172485353,0.5109431147575378,1.6371188,-2.6743681,3
6.2079219818115225,11.386106491088867,-8.712989807128906,0.6620927453041077,2.9993484,-2.552195,3
5.785104751586914,11.074371337890623,-7.885632038116455,0.6559867262840271,2.6422975,-1.2815952,3
5.329530239105225,10.336313247680664,-6.463460922241211,0.4017742574214935,1.6951511,-0.6560693,3
4.2077999114990225,9.196240425109863,-5.351208209991455,0.051579326391220086,1.5662584,-0.5739079,3
2.464162588119507,7.244168281555176,-4.481539249420166,-0.2495461255311966,2.2073615,-0.63407815,3
0.854938268661499,4.29909086227417,-3.5111865997314453,-0.4332984089851379,2.7149906,-0.25442538,3
-0.14150725305080414,1.2531646490097046,-2.6112585067749023,-0.3310814797878265,2.7959301,0.27214047,3
-0.3609765768051148,-0.6500419974327087,-2.069408178329468,0.10997774451971054,2.8625145,0.766025,3
-0.13481633365154266,-0.9725126028060912,-1.5167371034622192,0.5785130858421326,1.8240436,1.2385293,3
0.07529766112565994,-0.2334292531013489,-0.9064896702766418,0.8551097512245178,0.8378017,1.3561208,3
0.029173614457249638,0.9998503327369691,-0.6779937148094177,0.9621159434318542,0.6462954000000001,1.2095132,3
-0.2399773597717285,2.6006181240081787,-1.0330632925033572,0.9948764443397522,1.0048733,0.7107416999999999,3
-0.20907388627529144,5.089758396148682,-2.1647717952728267,1.022436261177063,1.813048,0.31612277,3
0.5080572962760925,7.719785690307617,-3.986451625823975,1.1196269989013672,2.95109,-1.6194037,3
2.290008783340454,9.991138458251953,-4.678564548492432,1.5450369119644165,2.9486465,-1.4214833999999998,3
4.0816006660461435,11.770423889160154,-3.9025359153747563,1.903462290763855,1.947133,-0.96944314,3
5.7019081115722665,13.049542427062988,-3.6122019290924072,1.6789735555648804,1.4114041000000002,-0.3213151,3
6.7273621559143075,13.86051082611084,-4.898155212402344,1.4253000020980835,1.2110404,-0.30268374,3
6.987126350402832,14.096622467041016,-5.886986255645753,1.31950581073761,1.6081028,-0.3387248,3
6.653397560119629,13.782017707824707,-6.063581943511963,1.1898826360702517,2.2171354,-0.39920044,3
5.892671585083008,12.94904899597168,-5.6232333183288565,0.9974006414413452,2.5442538,-0.6563747,3
4.888805389404297,11.681417465209961,-4.939227104187012,0.7551535367965698,2.6978865,-0.8268061,3
3.812253713607788,10.112701416015623,-4.2687129974365225,0.500780463218689,2.2079725,-0.77549344,3
2.82875394821167,8.293964385986326,-3.7222013473510738,0.3171819150447845,1.6569718999999998,-0.63621616,3
2.047991275787353,6.30322265625,-3.2504162788391118,0.203670933842659,1.4972308,-0.34177909999999995,3
1.421654462814331,4.284582614898682,-2.8504080772399902,0.17055658996105194,1.6099354,-0.03756821,3
0.9279165863990784,2.406157970428467,-2.446411371231079,0.2448214441537857,1.5604553,0.22479841,3
0.5965527296066284,0.9276100397109984,-2.0363109111785893,0.4258347749710083,1.5445728,0.43951756,3
0.3271758258342743,-0.030801342800259587,-1.6955463886260986,0.6858418583869934,1.4187346,0.26572640000000003,3
0.19369176030159,-0.3847241401672363,-1.4120162725448608,0.989540994167328,1.2324207,0.14385876,3
0.2866863310337067,0.006052008364349604,-1.1029458045959473,1.2869179248809814,1.0100657,0.08827003,3
0.9358365535736084,1.9163404703140257,-1.2645748853683472,1.4614610671997068,1.4333953,0.8005389,3
1.920067548751831,4.848910331726074,-2.9171237945556636,1.3033583164215088,1.4633276000000002,-1.2464706,3
2.661781311035156,7.114619731903076,-3.0541868209838867,0.8772870898246765,0.6383542,-1.0809261,3
3.4058637619018555,8.579165458679201,-4.2115325927734375,0.8135280609130859,-0.0009162979,-0.25442538,3
4.270579814910889,10.344072341918944,-6.3236589431762695,0.7173057198524475,1.2556334999999998,0.27275133,3
4.948242664337158,11.960749626159668,-7.615344524383545,0.5045916438102722,0.6637050999999999,-0.61666846,3
5.415766716003418,13.002028465270994,-8.196957588195799,0.2595804333686829,0.6792821,-1.0516045,3
5.6275296211242685,12.96848964691162,-8.514272689819336,0.08581747114658356,1.2464706,-1.1979067,3
5.464580535888672,12.068463325500488,-8.464369773864746,-0.003133558202534914,1.4208726,-1.0412198,3
5.002120494842528,10.736225128173828,-7.945355415344237,-0.031957130879163735,1.2568552,-0.5861251999999999,3
4.2709641456603995,9.139907836914062,-7.269029140472412,-0.024726614356040955,1.3307699,-0.23518312,3
3.2689909934997563,7.356089115142822,-6.5240821838378915,0.020551217719912532,2.1817052,-0.26022860000000003,3
2.2152485847473145,5.505053043365479,-5.5556368827819815,0.058975320309400565,2.6532931,-0.38637227,3
1.390215516090393,3.5666306018829346,-4.436700820922852,0.1338336318731308,2.3063216,-0.46822822,3
0.6175814270973206,1.7079970836639404,-3.43503737449646,0.3046106994152069,1.5583171999999998,-0.37812558,3
-0.2903866171836853,0.5370440483093262,-2.807563304901123,0.6205624341964722,0.9221011,0.26725355,3
-1.2858322858810425,0.4517016410827637,-2.6990795135498047,1.0011504888534546,1.1539245,0.5925393,3
-1.697115421295166,1.8423813581466677,-3.2796964645385738,1.2894219160079956,2.3038783,0.2443461,3
-0.05760262534022331,4.501272201538086,-3.951716184616089,1.3764220476150513,2.7433958,0.88239485,3
2.8603518009185787,7.2421202659606925,-4.3036885261535645,1.4994524717330933,-0.2593123,-1.4031575,3
5.0169219970703125,9.176724433898926,-3.1923198699951167,2.4652841091156006,0.94959,-0.5122104999999999,3
6.009048938751222,9.710399627685547,-3.326301097869873,2.3433055877685547,2.8386908,0.28893927,3
6.6669769287109375,10.273977279663086,-5.343879699707031,1.8482683897018437,1.1414018,0.18173242,3
7.249720096588135,11.090046882629396,-7.575296878814697,1.5556939840316772,1.5305228000000002,0.023823744,3
7.249742031097412,11.44644546508789,-8.478596687316895,1.4106862545013428,1.7174476000000003,0.04520403,3
6.8546485900878915,11.199092864990234,-8.256987571716309,1.323076605796814,1.5473217,0.01038471,3
6.104562282562256,10.409544944763184,-7.44312858581543,1.1476130485534668,0.9691377,-0.40103304,3
4.942046165466309,9.29090976715088,-6.410400867462157,0.8561811447143555,0.97219205,-0.6872234,3
3.201291799545288,8.013904571533201,-5.456502437591553,0.4908428192138672,1.2318097,-1.1267409,3
1.068423628807068,6.5206947326660165,-4.639296054840088,0.130086749792099,0.49235737,-1.4040737,3
-0.9879462122917176,4.80634355545044,-3.7132234573364262,-0.09685542434453964,-0.5830709,-1.0360274,3
-2.357034206390381,2.9408700466156006,-2.765972852706909,-0.1339816004037857,-1.4596626,-0.6432411,3
-2.316525220870972,1.5394353866577148,-1.9962592124938965,0.007818273268640041,-1.9095647,-0.13927728,3
-1.0366772413253784,1.084731936454773,-1.624889254570007,0.26515763998031616,-0.9108001,0.5204572000000001,3
1.441711664199829,2.097034215927124,-1.4492661952972412,0.4705176651477814,-0.16310102,1.3017538999999998,3
4.334991931915283,4.519861221313477,-1.9107786417007449,0.6061341762542725,1.2159272,1.2153164,3
4.272994041442871,7.2217888832092285,-2.318488359451294,0.5987387299537659,2.9959886000000004,-3.0757065,3
3.355796337127685,9.029668807983398,-2.6919891834259038,0.12433367967605592,3.0100386,-3.0002646,3
3.0165133476257324,9.79515552520752,-3.3832240104675293,-0.4050234854221344,-0.3652974,-1.0809261,3
2.9710562229156494,10.951579093933104,-5.513787269592285,-0.5477739572525024,-2.8188376,0.14996742,3
3.1011133193969727,12.429953575134276,-7.2037787437438965,-0.7076060771942139,-0.5729916,0.056505036,3
3.929131746292114,13.69039249420166,-7.831663131713867,-1.1692477464675903,-0.7996226,-0.29138273,3
4.797130107879639,13.54316234588623,-8.643462181091309,-1.3564084768295288,-0.35002577,-0.4456262,3
5.188767910003662,12.078011512756348,-8.79826831817627,-1.3299258947372437,-0.36041048,-0.34788775,3
5.1053786277771,10.249605178833008,-8.304546356201174,-1.265608310699463,0.051923547,-0.36743546,3
4.610483646392822,8.024266242980957,-7.587355613708496,-1.1449055671691897,0.9645562,-0.74067414,3
3.85991883277893,5.522103309631348,-6.653839588165282,-0.8980695009231567,1.4227052,-0.78954333,3
3.15215277671814,3.081301212310791,-5.627253532409668,-0.5456845164299011,1.3234396000000002,-0.77304995,3
2.2866835594177246,0.8899742364883423,-4.754850387573242,-0.09687454253435136,1.5677856,-0.70921457,3
1.181238055229187,-0.6402741074562073,-3.894555568695069,0.4416486620903015,1.6129897,-0.6637050999999999,3
0.11601697653532027,-1.0494641065597534,-2.964249849319458,1.022915959358215,1.4453071000000002,0.04153884,3
-0.830971360206604,-0.2576697170734405,-2.11658787727356,1.4220075607299805,0.6426301999999999,0.9682214,3
-1.4074554443359375,1.8045551776885984,-1.6455618143081665,1.5635887384414673,-0.5861251999999999,1.8781052,3
-1.280400276184082,4.710568904876709,-2.646502494812012,1.4778624773025513,-0.35979962,3.0766227,3
-0.30362775921821594,7.465445518493652,-4.902388095855713,1.2137820720672607,2.8884764,1.3237450000000002,3
2.367393970489502,9.5211181640625,-4.358794212341309,1.477424144744873,-2.01555,-1.0516045,3
5.4003939628601065,10.247861862182617,-3.0221052169799805,2.3568155765533447,-1.2733486,0.6200281999999999,3
7.3445982933044425,9.847860336303713,-3.7502923011779785,2.1051056385040283,1.8212948,0.9972375,3
8.243070602416992,9.833303451538086,-5.870388984680176,1.4098092317581177,0.15271631,0.56321776,3
7.924214363098144,10.031533241271973,-7.644795894622803,1.1442692279815674,-0.1441642,0.028405234,3
6.5864319801330575,10.19499683380127,-7.969834804534912,0.9790995717048644,1.2760975,-0.2648101,3
4.985973834991455,9.825693130493164,-6.891491413116455,0.762940526008606,1.5451837,-0.6569856,3
3.3342444896698,8.697601318359375,-5.139250755310059,0.3630653619766235,1.4764613000000002,-0.9896017,3
2.0483736991882324,7.096921920776367,-3.443939685821533,-0.22325143218040466,-0.12858713,-0.79626286,3
0.923635959625244,5.192118167877197,-2.118213176727295,-0.6076005697250366,-1.649947,-0.7244862,3
-0.18570517003536224,3.2577579021453857,-1.5774743556976318,-0.7238736748695374,-1.278541,-0.6218608,3
-0.7660132050514221,1.7735000848770142,-1.3963372707366943,-0.5749384760856628,-1.3503176,-0.24312437,3
-0.7088087201118469,1.0535722970962524,-1.3601123094558716,-0.3347304165363312,-1.1621711,0.37140608,3
-0.20897579193115234,0.9235770106315612,-1.1891621351242063,-0.138119176030159,-0.9477574,0.70463306,3
0.6030920743942261,1.3448166847229004,-0.8266320824623108,0.0765826627612114,-0.8042041,0.8793405000000001,3
2.53041934967041,3.0204439163208012,-0.7688143253326416,0.38187143206596375,-0.4886922,2.0754147,3
4.153000831604004,5.769241809844972,-1.9141258001327517,0.5761486887931824,1.094976,-0.5946773,3
4.261401653289795,7.969993591308594,-2.4118244647979736,-0.02242892608046532,2.828917,-2.9843822,3
4.178681373596191,8.389355659484862,-3.3816633224487305,-0.5515727400779724,-0.15821409,-1.5109752,3
3.9538669586181636,9.131922721862793,-5.248216152191162,-0.67252117395401,-1.9150625,-0.6178902,3
3.8294556140899663,10.770391464233398,-6.6923890113830575,-0.8202788233757019,-1.4929546,-0.7122689,3
4.410266876220703,12.213979721069336,-7.142634868621826,-1.153408765792847,-1.2654073,-0.6087272,3
5.043346405029297,12.09988498687744,-7.86397123336792,-1.3750128746032717,-0.675617,-0.19028452,3
4.9998779296875,10.439057350158693,-7.854967594146728,-1.4000407457351685,-1.713477,-0.29718593,3
4.4297871589660645,8.513547897338867,-6.729475021362305,-1.287214279174805,-0.5558874,-0.66981375,3
3.9325046539306636,6.611796379089356,-5.28159761428833,-1.196182131767273,0.79779,-0.7464773,3
3.435597419738769,4.332168102264403,-3.966785430908203,-1.124819278717041,0.93462384,-1.02717,3
2.8426609039306636,1.7902963161468506,-3.1350185871124268,-0.9487099051475524,0.5534439,-1.033584,3
2.135595798492432,-0.7427484393119812,-2.6968469619750977,-0.474776417016983,0.19761491,-0.4792238,3
1.4166014194488523,-2.532110929489136,-2.313098192214966,0.2236102521419525,0.29993483,0.05131268,3
0.841884970664978,-2.9058034420013428,-1.867408275604248,0.8920409083366394,0.45814893,0.7476991,3
0.5431634187698364,-2.0492560863494877,-1.3961400985717771,1.2843526601791382,0.089186326,1.2208142,3
0.5973095297813416,-0.18891847133636475,-1.243282675743103,1.42106294631958,-0.21533,1.7366898999999998,3
0.8751909136772156,2.81589150428772,-2.228428602218628,1.373034119606018,-0.6872234,3.2840116000000004,3
1.3604308366775513,5.8769493103027335,-3.5305051803588867,0.9935686588287354,0.022602014,-0.44837508,3
3.284256219863892,7.5756287574768075,-2.7565691471099854,1.358564853668213,-0.7315111,-1.1725558,3
5.134172439575195,8.257810592651367,-2.5095806121826167,1.8206391334533687,-0.32986724,-0.4886922,3
6.771408557891847,8.685165405273438,-3.656535387039185,1.5259652137756348,1.4468343,0.44593164,3
7.774758338928223,9.200542449951172,-4.96915340423584,1.1334091424942017,-0.064446285,0.7831292,3
7.4400577545166025,9.429834365844727,-5.5634765625,0.8289890289306641,-1.402852,0.655153,3
5.9902119636535645,9.474885940551758,-5.471320152282715,0.5662516951560974,-0.9230174,0.051618114000000014,3
4.1148338317871085,9.108274459838867,-4.8426551818847665,0.2644304037094116,0.8750645,-0.43585235,3
2.147382497787476,7.748049736022949,-3.8784255981445312,-0.17715193331241608,1.7461584,-1.1432343,3
0.8427307009696959,5.698057651519775,-2.421072483062744,-0.5552081465721129,-0.7996226,-0.7516696999999999,3
0.26434263586997986,3.204718589782715,-1.2331184148788452,-0.6757118701934814,-2.382069,-0.30909783,3
0.4996049106121063,1.013453722000122,-0.7451571822166443,-0.5486987829208374,-1.9013181,0.122478485,3
0.9182385206222534,-0.08201847225427628,-0.7128165960311891,-0.2630290985107422,-0.90408057,0.4813618,3
1.313062310218811,-0.18973921239376068,-0.6415114402770996,0.09913387149572372,-0.23518312,0.52687126,3
1.735058069229126,0.5323597192764282,0.005754026584327221,0.3705036044120789,-0.27091873,0.90194255,3
3.4771649837493896,2.662116289138794,-0.2571721374988556,0.6080676913261414,2.5130997,5.7451878,3
3.6477434635162354,5.5050787925720215,-0.3936414122581482,0.3180000483989716,1.427592,-3.1655037,3
3.2755236625671387,6.716601371765138,-0.9252063035964966,-0.4636815786361694,2.6123652,-2.3283129,3
2.4055514335632324,6.702880859375,-2.7229163646698,-0.9429357647895812,-3.5216382000000004,-0.50610185,3
1.2347332239151,7.82576322555542,-5.235118389129639,-0.8769925236701965,-2.4764478,-0.06658431,3
1.2900233268737793,9.727083206176758,-5.700512409210205,-0.7715991735458374,-2.8906143,-0.12614368,3
2.1350467205047607,11.159730911254883,-5.5780534744262695,-0.8915275335311891,-2.2568417000000003,0.038179077,3
3.109041452407837,10.96840000152588,-5.504917621612549,-1.088543176651001,-1.5745052,-0.13683382,3
3.649539232254028,9.641571998596193,-5.019363880157472,-1.2809033393859863,-2.2504275,-0.5555819000000001,3
3.5977771282196045,7.682862281799316,-4.61133337020874,-1.3372608423233032,-1.9107865,-0.64904433,3
3.0655272006988525,5.303766250610352,-4.487802028656006,-1.2674058675765991,-0.90224797,-0.73823065,3
2.3925528526306152,2.806172132492065,-4.332254886627196,-1.0406582355499268,-0.19792034,-0.47678033,3
1.8124033212661743,0.3974598348140717,-3.6982171535491934,-0.6679095029830933,-0.46944994,-0.008246681,3
1.0992773771286009,-1.5467888116836548,-2.633326292037964,-0.15567752718925476,-0.77488256,0.40408736,3
0.3292920589447021,-2.2828094959259038,-1.5379050970077517,0.4423062801361084,-1.0112875,0.8136725,3
-0.2882149815559387,-1.6779476404190063,-0.8619949817657471,0.9324499368667604,-1.2647965,1.3811663,3
-0.5026450753211975,-0.2660683691501617,-0.8614096641540527,1.1929014921188354,-1.1640037,1.7583756,3
-0.06291335821151732,2.0454089641571045,-1.8504942655563357,1.1640865802764893,-1.2131784,3.4089334000000004,3
1.0659985542297363,5.039453029632568,-4.322685241699219,0.6486358046531677,-0.6093381,2.8060095,3
3.2220585346221924,7.457390308380128,-5.575509548187256,0.8445898294448853,-5.3343805999999985,-1.2977833,3
5.9895362854003915,8.367437362670897,-5.1942877769470215,1.8530824184417725,0.73975784,0.35430184,3
8.135283470153809,8.960907936096191,-6.410331726074219,1.4096225500106812,3.0860913,0.92057395,3
9.672714233398438,9.610076904296877,-8.118390083312987,0.7820088267326355,0.5510005,1.3408492,3
9.572566032409668,10.10499382019043,-9.153768539428713,0.4346828162670136,-0.2302962,0.9822713,3
8.34563159942627,10.412437438964844,-8.894014358520508,0.29154446721076965,-0.3747658,0.56321776,3
6.713119029998778,10.076252937316896,-7.675025939941406,0.17481909692287445,-0.056199603,0.32742378,3
4.933504104614258,9.106504440307617,-6.290459156036378,-0.22810186445713046,1.4950926000000002,-0.33475417,3
2.8906521797180176,7.998392105102539,-4.96898889541626,-0.8087205290794373,1.1316278999999998,-1.2379184,3
0.8284234404563904,6.475996494293213,-3.6633474826812735,-1.2264761924743652,-1.3127494,-1.3432927,3
-0.6847686767578125,4.413182735443115,-2.649468183517456,-1.3097952604293823,-3.5408804,-0.8949176,3
-1.3292386531829834,2.010112762451172,-2.2717580795288086,-1.1408123970031738,-3.3597589,0.09743301,3
-0.9225702881813048,0.4297039210796356,-2.1691854000091557,-0.911595582962036,-1.9065105,0.7113526,3
-0.06406988203525542,-0.04193685576319695,-1.9906597137451167,-0.7599962949752808,-0.73639804,0.91721416,3
0.983307957649231,0.24714478850364685,-1.5154585838317869,-0.6270213723182678,-1.0671816,0.90469146,3
1.9485799074172971,1.1968035697937012,-1.0027550458908079,-0.35109347105026245,-1.5259413999999998,0.71685034,3
2.938038110733032,3.1819472312927246,-0.9883522391319276,0.03242941200733185,0.6914994999999999,0.56169057,3
3.7309165000915527,5.9804301261901855,-1.7648717164993286,0.3196278512477875,0.59589905,1.6093245,3
3.2783894538879395,8.164983749389647,-2.6392958164215092,-0.14115379750728607,-0.23609942,-0.7153232,3
2.8053884506225586,9.71212673187256,-3.9336905479431152,-0.607128381729126,-1.9782871,-0.8436049000000001,3
2.94230580329895,11.320464134216307,-5.670197486877441,-0.7245621085166931,-2.3952026,-0.52381694,3
3.7010207176208496,12.833293914794922,-6.880115985870361,-1.0027837753295898,-2.194228,-0.056199603,3
4.60762882232666,13.571648597717285,-7.881374835968018,-1.3373761177062988,-1.9083431,0.090713486,3
5.175588607788086,13.098660469055176,-8.528817176818848,-1.5846593379974363,-1.4819591,0.00061086525,3
5.1981587409973145,11.894551277160645,-8.432756423950195,-1.7442890405654907,-1.996613,-0.020463986,3
4.818410873413086,10.29917812347412,-7.786919593811035,-1.698824763298035,-1.4388931,-0.14660765,3
4.468186378479004,8.395968437194824,-6.605475425720215,-1.5475095510482788,-0.38026363,-0.5531385,3
4.263219356536865,6.171318054199219,-5.245829582214356,-1.3610899448394775,0.34513888,-0.97219205,3
4.0446739196777335,3.63465428352356,-4.106429576873778,-1.0887472629547121,0.45570546,-1.1203268999999998,3
3.59985876083374,1.0355763435363772,-3.2134084701538086,-0.6685089468955994,-0.21533,-0.73792523,3
2.7302086353302,-1.1820944547653198,-2.4004557132720947,-0.14195331931114194,-0.820392,-0.21105394,3
1.4337561130523682,-2.50933837890625,-1.7215393781661987,0.4313473701477051,-0.86559606,0.43127087,3
0.10574938356876372,-2.3787853717803955,-1.5026737451553345,0.9356303811073304,-0.5015204000000001,1.1288790000000002,3
-0.7882236838340759,-1.0076494216918943,-1.751944065093994,1.2418400049209597,-0.3817908,1.3750577,3
-1.0441011190414429,1.220576286315918,-2.491262912750244,1.3628655672073364,-0.8872818000000001,1.7116444,3
-0.2300485372543335,4.2295823097228995,-4.266563415527344,1.2109262943267822,-0.8142834,3.7116172,3
2.0979409217834477,7.0105462074279785,-5.449538230895996,0.9235278367996216,-1.3063353000000002,-0.22479841,3
5.117063999176025,8.282233238220215,-3.60927677154541,2.179788112640381,-3.1340442000000004,-0.21594086,3
7.729103565216064,9.160696983337402,-4.087315082550049,2.284778356552124,3.8896844,1.3686435,3
9.179749488830566,9.88873291015625,-6.246249675750732,1.4818832874298096,1.1728611999999998,1.6136005,3
9.43036937713623,10.806679725646973,-8.455418586730957,0.9160993099212646,0.16615535,1.3903292,3
8.43193531036377,11.483111381530762,-9.226312637329102,0.6439476609230042,-0.06352998,1.2895365,3
6.739654064178468,11.204855918884276,-8.598743438720701,0.5572347044944763,-0.094989546,0.63499445,3
4.921263694763184,9.946362495422363,-7.498881816864014,0.2838638126850128,1.3561208,-0.37782016,3
3.35938024520874,8.697427749633789,-5.976733207702638,-0.2803221344947815,0.9960158,-0.82344633,3
1.6401636600494385,7.291101932525635,-4.5005950927734375,-0.8325062394142151,-0.9428705,-1.2800682,3
0.062139891088008874,5.660415172576903,-3.3717474937438965,-1.1140730381011963,-2.1804836,-0.7696901999999999,3
-1.221452236175537,3.413092374801636,-2.701879978179932,-1.1482744216918943,-2.715296,-0.076052725,3
-1.5328027009963991,1.7897834777832031,-2.3078670501708984,-0.9861660599708556,-2.3212879,0.24556783,3
-0.620637059211731,1.3509591817855835,-1.8521772623062132,-0.8440468907356262,-1.6050483999999998,0.5555819000000001,3
1.0712652206420898,1.638415813446045,-1.2659833431243896,-0.7789464592933655,-1.1921035,1.3426818,3
2.8266711235046387,2.461031436920166,-0.7889102697372437,-0.6623502969741821,-1.5125023000000002,1.1160508,3
3.4482221603393555,4.4035377502441415,-0.7773365974426271,-0.389428436756134,0.258396,-0.03023783,3
3.3925485610961914,6.9951171875,-1.2678831815719604,-0.13426381349563601,1.2302825000000002,0.5503895999999999,3
2.704124927520752,9.305987358093262,-1.9258275032043457,-0.38785386085510254,-0.12950343,-0.768163,3
2.1860184669494633,10.751897811889648,-2.954940795898437,-1.0646326541900637,-1.9614882,-1.1010846,3
2.409015417098999,11.665670394897461,-4.913212299346924,-1.3562355041503906,-3.781256,-0.61666846,3
3.859872579574585,12.882055282592773,-7.3450684547424325,-1.3967041969299316,-2.0693061000000004,0.22296582,3
5.846540451049805,13.939657211303713,-8.822587966918945,-1.804332256317139,-1.1508701,0.043982297,3
7.012698173522949,13.839635848999025,-9.597981452941896,-2.0862877368926998,-0.73945236,-0.23579398,3
7.331513404846191,12.969304084777832,-9.593435287475586,-2.0898699760437007,-1.044885,0.07819075,3
7.082101345062256,11.87004280090332,-8.986597061157227,-2.018964529037476,-0.82558435,0.2846632,3
6.585447311401367,9.94299602508545,-8.061243057250978,-1.8981363773345947,0.27305678,-0.008246681,3
5.93491268157959,7.252702713012695,-6.841113567352295,-1.6878900527954102,0.3472769,-0.3921755,3
4.739923000335693,3.9428114891052246,-5.7898621559143075,-1.2916229963302612,-0.08674286,-0.623388,3
3.092780590057373,0.9430863857269288,-4.963936805725098,-0.7489759922027588,0.2302962,-0.7657196,3
1.3234642744064329,-1.1206823587417605,-4.011958122253418,-0.11677230894565582,0.8762861999999999,-0.3866777,3
-0.07133454084396362,-1.8062895536422732,-2.859868049621582,0.5934866070747375,0.52015173,0.50793445,3
-1.091161847114563,-1.2674720287322998,-1.998074293136597,1.147708296775818,-0.68386364,1.4443909,3
-1.6891032457351685,0.4964424669742584,-1.8520407676696775,1.3655582666397097,-0.8347474,1.7837266,3
-1.624419093132019,3.3387131690979004,-2.7772912979125977,1.30210280418396,-0.29626966,2.4883597,3
0.4920934736728668,6.301718711853027,-5.104665756225586,0.9320513606071472,1.8170186,2.9263499,3
3.694160461425781,8.079363822937013,-3.9156179428100586,1.7843748331069946,-6.169128,-0.31031954,3
6.6025390625,7.612259864807129,-2.924970388412476,2.7024948596954346,2.2653937,0.8167268,3
8.438780784606934,7.465840816497803,-4.634912490844727,1.8968021869659424,3.8001926,0.9987647,3
9.532341957092283,8.086535453796388,-7.0786075592041025,1.2176432609558103,1.7211128,1.2183707,3
9.116247177124023,8.835715293884277,-8.451772689819336,0.890267014503479,0.6215554,0.8063421,3
7.261218547821045,9.146404266357422,-8.236642837524414,0.8220503330230713,1.058324,0.3680463,3
4.413256645202637,8.533854484558105,-6.868043422698975,0.7215072512626648,1.2174544,-0.5158757,3
1.24761164188385,7.536786079406737,-5.123616218566895,0.22016413509845734,0.7122689,-1.074512,3
-1.1847820281982422,6.06472110748291,-3.4835355281829834,-0.3539834022521973,-0.75411314,-1.4813483,3
-1.903235912322998,4.29065465927124,-2.352057933807373,-0.7205564975738525,-1.6041322,-0.7687739,3
-1.33212411403656,2.369737148284912,-1.7135125398635864,-0.7581036686897278,-2.6352727,0.18173242,3
0.03585648164153099,1.160004496574402,-1.4067527055740356,-0.5022276043891907,-2.2220223,0.9297369,3
1.363478422164917,1.0021293163299558,-1.1741112470626829,-0.1895534098148346,-1.0830641,1.3176364,3
2.7004756927490234,1.8048020601272583,-0.7694085240364075,0.06771034747362137,-0.410196,1.7162258999999995,3
4.7842140197753915,3.9132781028747563,-1.164925217628479,0.3366575837135315,0.4343252,1.475545,3
6.154996871948242,6.6083006858825675,-2.5027151107788086,0.2684740722179413,3.040887,-3.5225544,3
5.986076831817628,8.377715110778809,-3.3190217018127437,-0.3814873397350311,2.7641652000000003,-3.0179799,3
5.615839004516602,9.034012794494627,-4.036111354827882,-0.9221623539924622,-1.9242256,-1.0677924,3
5.048202991485597,9.854628562927246,-5.900524616241455,-1.1898653507232666,-2.6438248,-0.81031275,3
5.463386535644531,11.367588996887207,-7.562591075897218,-1.4561647176742554,-0.25625798,0.09896017,3
6.582666873931885,12.56065845489502,-7.965613842010497,-1.8708242177963257,-0.35369098,-0.38240165,3
6.436872959136963,11.47673225402832,-7.827748775482178,-2.1471004486083984,-0.42730024,0.32314770000000004,3
5.668937206268311,9.731748580932617,-7.157989025115968,-2.0546963214874268,-0.8558222,0.5122104999999999,3
4.806446552276611,7.53305196762085,-6.3167500495910645,-1.7990869283676147,-0.12767084,-0.23854288,3
3.8322827816009517,4.989004611968994,-5.454151153564453,-1.6639909744262695,0.6160576,-0.9056077,3
2.7758209705352783,1.9268878698349,-4.718581199645996,-1.518293023109436,1.1869112,-1.0351112,3
1.801085352897644,-1.3597666025161743,-4.169818878173828,-1.0350143909454346,1.4440855,-0.3622431,3
1.186907410621643,-3.7693567276000977,-3.752429962158203,-0.16170570254325867,1.5864171,0.13469578,3
0.9335594773292542,-4.556320190429688,-3.2616305351257324,0.8112209439277649,1.2351695,0.81245077,3
0.6300783157348633,-3.790127277374268,-2.7055773735046387,1.4363858699798584,0.17256944,1.4495832,3
0.21710817515850067,-1.224026799201965,-2.5284736156463623,1.5826597213745115,0.39584067,2.0201313,3
-0.17111614346504211,2.1527357101440434,-3.4096474647521973,1.4383680820465088,0.9810496,1.5928311000000002,3
0.4154437780380249,5.389648914337158,-5.510639190673828,1.1953697204589844,2.2834144,2.0726657,3
2.4244463443756104,8.04096508026123,-4.749797344207764,1.2619186639785769,-0.10476339,-0.26145032,3
4.506462097167969,8.959444046020508,-3.1974065303802486,2.0787723064422607,-3.0521882,0.11789699,3
6.678698539733888,9.01364040374756,-3.743277549743652,2.1502275466918945,-0.53969944,1.4770721000000002,3
8.568496704101562,9.490469932556152,-5.592729091644287,1.6526278257369995,0.72204274,0.9837985,3
9.306268692016602,9.73144245147705,-6.5226030349731445,1.216094732284546,0.12767084,0.60048056,3
8.187166213989258,9.801637649536133,-6.341257095336914,0.7895542979240417,0.59559363,0.46883908,3
6.03481912612915,9.264427185058594,-5.695945262908936,0.3855958580970764,1.1191051,-0.18081611,3
3.45308780670166,7.7758750915527335,-4.797591686248778,0.01833314821124077,0.91751957,-1.0195341,3
1.3148808479309082,5.812329292297362,-3.5659220218658447,-0.3916084170341492,-0.24098633,-1.0552697,3
0.15479931235313416,3.671067476272583,-2.237473487854004,-0.6670015454292297,-1.0580186000000005,-0.8029824000000001,3
-0.038789834827184684,1.8554538488388064,-1.2806386947631836,-0.7096988558769226,-1.1994339,-0.61819565,3
0.6128256916999817,0.6250690817832947,-0.8495333790779114,-0.5426675677299501,-0.88208944,0.28313604,3
1.348114848136902,0.2752436101436615,-0.8220930099487305,-0.23652590811252594,-0.43860126,1.0305296,3
1.6782042980194092,0.6739780902862549,-0.7412967085838318,0.06987755000591278,0.25778514,1.1835514,3
1.753451943397522,1.5413389205932615,-0.4218797087669373,0.3627130389213562,0.06414085,0.9831876,3
1.927854299545288,3.1342890262603764,-0.4590187966823578,0.7583380341529846,-0.82863873,0.8536841999999999,3
3.768077850341797,5.756953239440918,-1.7564247846603394,0.8180659413337708,1.5552629,0.6554584,3
5.0648112297058105,8.087881088256836,-2.586495876312256,-0.03833625093102455,1.9956968,-3.3053918,3
5.6282010078430185,9.049161911010742,-3.641013860702514,-0.7766400575637817,-0.4260785,-1.2647965,3
5.551371574401856,9.359854698181152,-5.772051811218263,-1.1719660758972168,-2.0253236,-1.2873985,3
5.669764518737793,10.693401336669922,-7.634140968322754,-1.307873249053955,-1.2275337,-0.977079,3
6.2072434425354,11.748486518859865,-8.283040046691895,-1.6357041597366333,-0.7663304,-0.7367035,3
6.23934268951416,10.610630989074707,-8.437600135803223,-1.9688782691955569,-0.20738874,0.84299403,3
5.837566375732423,8.275675773620605,-7.665883541107178,-2.0284373760223393,0.4120286,0.09712757,3
5.369423866271973,5.43575382232666,-6.388075828552246,-1.918577551841736,1.3390167,-0.9077458,3
4.777291297912598,2.3788776397705083,-5.163111209869385,-1.7162591218948364,1.2333368999999998,-1.4828753,3
3.840600728988648,-0.5469309687614441,-4.3805322647094735,-1.2711081504821775,1.0454959,-1.500285,3
2.691415548324585,-2.8684093952178955,-3.922918081283569,-0.5710062980651855,0.98471475,-1.026559,3
1.6260063648223877,-3.99298095703125,-3.4429819583892822,0.2433438003063202,1.2589933,-0.018020526,3
0.6981512904167175,-3.750885009765625,-2.6470744609832764,0.9855723381042479,0.9462303,1.1184943,3
-0.11759398877620696,-2.285897016525269,-1.9219914674758911,1.401255488395691,0.64751714,2.2088888,3
-0.6772907972335815,0.3795639276504517,-1.7346575260162354,1.4806164503097534,0.61575216,2.1129830000000003,3
-0.9067965745925904,3.689899921417236,-3.178063154220581,1.241934299468994,1.4483615,1.3759739,3
0.5566434860229492,6.690361022949219,-5.004864692687988,1.1495596170425415,0.48838675,-0.44959682,3
3.073899984359741,8.31812572479248,-3.6624546051025386,1.9357227087020876,-2.951701,-0.90010995,3
5.725175857543945,8.597509384155272,-2.9109344482421875,2.4038074016571045,-0.7458665,1.2651019,3
7.995096683502197,9.209678649902344,-4.535991668701172,1.9139662981033323,1.1502593,1.0064004999999998,3
9.128467559814453,9.754164695739746,-5.974973201751709,1.383434772491455,0.28802297,0.75716746,3
8.468295097351074,9.955305099487305,-6.349946022033691,0.9900752305984496,0.13652839,0.6927211999999999,3
6.676597595214844,9.702930450439453,-5.988630294799805,0.6074426174163818,1.1569787,0.36163223,3
4.409630298614502,8.663095474243164,-5.326449394226074,0.25279128551483154,1.8515326,-0.84665924,3
1.7272332906723022,7.096203804016112,-4.215825080871582,-0.1651083081960678,0.9877690999999998,-1.6493362,3
-0.5501663088798523,5.142648220062256,-2.655609369277954,-0.5239012241363525,-1.5030339,-1.4807373,3
-1.6279543638229368,3.0483384132385254,-1.385722279548645,-0.7060190439224243,-2.2470677,-0.8335256,3
-1.2820979356765747,1.285268783569336,-0.7091601490974426,-0.6434759497642517,-1.6465873,-0.15210545,3
-0.21236468851566315,0.3762651383876801,-0.5059563517570496,-0.3476806879043579,-0.97097033,0.9645562,3
0.6219496726989746,0.4668456315994263,-0.5274599194526672,0.0010909322882071137,-0.1255328,1.6346754,3
1.2024563550949097,1.1948052644729614,-0.3414335548877716,0.28637298941612244,-0.30573806,1.6475036,3
1.7510944604873655,2.4943687915802,-0.2507200241088867,0.6662881374359131,-0.99204516,2.1383338,3
4.0925869941711435,5.229593276977539,-1.5748848915100098,0.9878315329551696,0.70066243,3.2030718,3
5.2831759452819815,7.875062942504883,-2.0453450679779053,0.4299827814102173,3.8050797,-3.9602394,3
5.282228469848633,9.56825065612793,-2.539201021194458,-0.23540815711021426,2.1389446,-3.1740558,3
5.4298744201660165,10.732999801635742,-4.360681056976318,-0.6704160571098328,-2.976441,-1.5839735,3
5.55239200592041,11.84504222869873,-6.69685697555542,-1.0110552310943604,-2.053118,-0.93523467,3
5.639066219329834,13.120366096496582,-7.424968242645264,-1.435336709022522,-1.3295482,-0.6899723000000001,3
6.029232501983643,13.811156272888185,-7.505024909973144,-1.8339314460754397,0.08399397,0.22296582,3
6.082249641418457,12.824319839477539,-7.399830341339111,-1.9830235242843628,-0.75900006,0.52106804,3
5.604931831359863,10.49105453491211,-6.753529071807861,-1.8090606927871704,-0.78893244,-0.9184359,3
5.255413055419922,7.913796901702881,-5.828749656677246,-1.6168943643569946,-0.37995818,-1.3939945,3
4.6683268547058105,4.983007431030273,-4.977238655090332,-1.530530333518982,0.35430184,-1.2977833,3
3.452931880950928,1.1547608375549316,-4.523241996765137,-1.2928218841552734,1.1151345,-0.9117164,3
2.2469618320465092,-2.1122586727142334,-3.979459047317505,-0.6406478881835938,1.4434745,-0.049785517,3
1.426591873168945,-3.5856533050537114,-3.05182147026062,0.2371984422206879,0.81397796,0.8258898000000001,3
0.757423996925354,-3.1207795143127437,-2.1595106124877934,1.0308706760406494,-0.2565634,1.6639968999999997,3
-0.00046144929365254944,-1.289194107055664,-1.8805357217788696,1.4012495279312134,-0.50915617,1.4651603000000002,3
-0.7257488965988159,1.448383927345276,-1.993452787399292,1.4661178588867188,-0.13775012,1.3701707,3
-0.7863321304321289,4.233381748199463,-3.2208058834075928,1.2928413152694702,1.8338175,0.49754974,3
0.8756457567214966,7.032196521759032,-5.461997985839844,1.0827872753143308,3.03936,1.1917981000000002,3
3.3507699966430664,9.355061531066896,-4.036031246185304,1.7170610427856443,-3.897931,-0.6001751000000001,3
5.63608455657959,10.369704246520996,-2.1870391368865967,2.389290809631348,-1.9740111,1.3432927,3
7.691160678863525,10.138879776000977,-3.168992042541504,1.859147787094116,0.9416488000000002,1.2409728,3
9.596760749816896,10.180935859680176,-5.449190139770508,1.2905093431472778,1.2394456,1.003957,3
9.91157054901123,9.952262878417967,-6.558344841003418,0.8197341561317444,0.86651236,0.6096435,3
8.414726257324219,9.613500595092773,-6.520648002624513,0.42712849378585815,0.95569867,0.29352075,3
5.9194884300231925,8.660430908203125,-5.615349292755127,0.14856816828250885,1.10139,-0.51923543,3
3.403602838516236,7.142064571380615,-4.4927592277526855,-0.19090686738491056,1.1911873,-1.2959507,3
1.4614566564559937,5.374052047729492,-3.174488306045532,-0.5891116261482239,-0.42088616,-1.4095715,3
0.02191207557916641,3.337170124053955,-1.792682409286499,-0.7686027288436891,-2.1410828,-0.94225967,3
-0.864266037940979,1.391587734222412,-0.9254765510559082,-0.7760190963745117,-2.0821342,-0.45723262,3
-0.6882081031799316,0.5013197064399719,-0.7483150362968445,-0.5946406126022339,-1.4902058,0.6618725000000001,3
0.06892124563455583,0.38803765177726746,-0.8853062391281128,-0.293645054101944,-0.90224797,1.4010195,3
0.9691959619522096,0.6672849655151367,-0.8119474649429321,0.02899517118930817,-0.9618073,1.2953397,3
1.998425364494324,1.4837180376052856,-0.2564350962638855,0.3590152263641357,-1.6007724,0.93034774,3
4.094872951507568,3.80221962928772,-1.126103401184082,0.7396798729896545,3.3041701,2.6114490000000004,3
5.478018760681152,6.56506872177124,-1.8962144851684568,0.3164128959178925,2.7672195,-3.5592062000000007,3
5.377433300018311,8.240877151489258,-2.7012205123901367,-0.4023213088512421,1.6093245,-2.048842,3
4.605837821960449,8.58991527557373,-4.032539367675781,-0.8146090507507324,-3.0549371,-1.7931949,3
4.053119659423828,10.011709213256836,-6.27497148513794,-0.9419411420822144,-1.9181169,-1.0558805,3
4.794827461242676,11.406702995300293,-7.38636589050293,-1.3020292520523071,-2.0900755,-0.32528573,3
5.601831912994385,10.778085708618164,-8.235754013061522,-1.834750056266785,0.18692477,0.9761627,3
5.67852783203125,8.750865936279299,-7.798349380493164,-2.0404865741729736,-0.7831292,0.7076874,3
5.252316474914551,6.372630596160889,-6.769836902618407,-1.8646571636199951,0.15577064,-0.6133086999999999,3
4.819225311279297,4.044836521148682,-5.375939846038818,-1.6215118169784546,0.9120218,-1.4318681,3
4.2731409072875985,1.764840841293335,-4.388710498809815,-1.3850709199905396,0.63591075,-1.4816537,3
3.3208620548248287,-0.6150662899017334,-3.9397518634796143,-1.0231008529663086,0.85062987,-1.4853188999999998,3
2.2285659313201904,-2.717868566513061,-3.7111215591430655,-0.4513058960437775,1.6044376,-0.79717916,3
1.2169007062911987,-3.8887009620666495,-3.198288917541504,0.3642925024032593,1.6771306,0.16340645,3
0.3339115679264069,-3.734857082366944,-2.400643348693848,1.1412055492401123,0.72143185,1.067487,3
-0.4696716368198395,-2.243290901184082,-1.8547216653823853,1.5268819332122805,0.3643811,1.7919732,3
-1.0862448215484621,0.3672199845314026,-1.7228840589523315,1.574807047843933,0.04886922,1.4132367,3
-1.0172587633132937,3.5229978561401367,-3.183441162109375,1.2754971981048584,2.4080307,2.8350255,3
0.6596239805221558,6.519914150238037,-4.942270755767822,1.0929837226867676,-1.7693712,-0.1600467,3
3.0698564052581787,7.9626216888427725,-3.508297204971313,2.074376583099365,-3.8652499,-0.36743546,3
5.823812007904053,8.025735855102539,-3.710759162902832,2.3519880771636963,0.41386122,1.0021244,3
8.309723854064941,8.598092079162598,-5.530918598175049,1.7491387128829956,1.5546521,0.9379836,3
9.425576210021973,8.965888023376465,-6.723776817321777,1.1887692213058472,0.8371908000000001,0.74036866,3
8.490307807922362,9.050407409667967,-6.805586338043213,0.7223688364028931,0.5540548000000001,0.5326744999999999,3
6.419393062591553,8.861481666564941,-6.35153865814209,0.3431767523288727,0.9804387,0.19058995,3
4.1140804290771475,7.965758323669434,-5.59377384185791,0.055419985204935074,1.5464053,-0.7089091,3
1.7877511978149414,6.66231107711792,-4.474433422088623,-0.3123396933078766,1.0192287,-1.3283265,3
-0.21734705567359924,4.901629447937012,-2.9872827529907227,-0.5941123366355896,-0.70707655,-1.4987578,3
-1.241144776344299,2.98039984703064,-1.5177326202392578,-0.7187520265579224,-1.4611896,-0.6924158,3
-0.9439100027084352,1.335829496383667,-0.5362744331359863,-0.6761313676834106,-1.4862351,0.17318029999999998,3
0.12936985492706302,0.3615800738334656,-0.3378441333770752,-0.4242565035820007,-0.95142263,1.3805555,3
0.692274808883667,0.3072536587715149,-0.487477570772171,-0.10247724503278732,0.06811147,1.645671,3
0.8432626724243164,0.9419335126876832,0.11259517818689345,0.18970133364200592,-0.45234573,0.95203346,3
1.3494514226913452,2.5636258125305176,-0.028689373284578323,0.5965768694877625,-1.1548406999999998,1.0690142,3
3.623762607574463,5.311697483062744,-1.7640188932418823,0.998901665210724,1.520749,3.9687915,3
4.800165176391602,7.77168083190918,-2.058831691741944,0.3337527811527252,2.0693061000000004,-3.3689218,3
5.108614921569824,9.064247131347656,-2.431770801544189,-0.25996479392051697,2.1777346,-2.2308798,3
5.361119747161865,10.167210578918457,-4.065613269805908,-0.7125348448753357,-2.08977,-1.2718215,3
5.4362826347351065,11.604048728942873,-6.292009353637695,-0.995273768901825,-2.0042489,-1.1914927,3
5.376046657562256,12.733380317687988,-7.4173316955566415,-1.339143991470337,-1.0253373,-0.8436049000000001,3
5.404490947723389,12.980838775634766,-7.8679866790771475,-1.635629653930664,-0.28130344,0.041233405,3
5.246880054473877,11.874473571777346,-7.823415756225586,-1.6708881855010986,-0.8713993,0.52870387,3
4.735911846160889,9.895450592041016,-6.937290668487549,-1.6065665483474731,-0.43493605,-0.61453044,3
4.4018330574035645,7.701331615447997,-5.529878616333008,-1.59089994430542,0.110872045,-1.0375546,3
4.148535251617432,5.130237102508545,-4.38733434677124,-1.5415345430374146,0.2669481,-1.0503827,3
3.548332691192627,1.8811275959014893,-4.16173267364502,-1.2717069387435913,0.84482664,-1.044885,3
2.8664357662200928,-1.0704405307769775,-4.0214457511901855,-0.6814808249473572,1.171945,-0.5308419,3
2.1168773174285893,-2.7718045711517334,-3.2537877559661865,0.03555605560541153,1.0082331,0.4370741,3
1.26196026802063,-2.8259756565093994,-2.266847848892212,0.7059949040412903,0.46303585,1.5628988,3
0.2146334946155548,-1.305047631263733,-1.7606207132339478,1.0856703519821167,0.23976462,2.024102,3
-0.6149948835372925,1.2680023908615112,-2.1111996173858643,1.2009857892990112,0.9764681,1.01312,3
-0.3979344964027405,4.33916711807251,-4.276367664337158,1.0489240884780884,3.7565157,1.6166549,3
1.101633071899414,7.182345390319824,-4.879537582397461,1.0347777605056765,-0.21319197,-0.6979135000000001,3
3.1378295421600337,8.837984085083008,-2.2089314460754395,1.875406265258789,-4.0973787,-0.61361414,3
5.400503158569336,9.07272243499756,-1.496359944343567,2.1650478839874268,0.007941248,1.135293,3
7.715615272521973,9.324700355529783,-3.2307529449462886,1.60100257396698,1.9642372,1.0876455,3
9.311964988708496,9.545195579528807,-5.246964931488037,1.1397007703781128,0.30940324,0.6404922,3
8.642263412475586,9.41189670562744,-5.960732936859131,0.8596357107162476,-0.17806722,0.24465153,3
6.576033115386963,9.00174617767334,-5.572198867797852,0.6055326461791992,0.5732970000000001,0.110872045,3
4.507562160491943,8.189745903015138,-4.696223735809326,0.3496548533439636,1.7907515,-0.7877107,3
2.440088987350464,6.9154229164123535,-3.4334211349487305,-0.05424406006932258,1.6374242,-1.3738358999999998,3
0.8656097650527954,5.159315586090088,-2.0936760902404785,-0.4372373223304749,-0.7812967,-1.2568552,3
-0.2820817530155182,3.0418131351470947,-0.9837424755096436,-0.6120991110801697,-2.2858577,-0.89552844,3
-0.6768973469734192,0.9372316002845764,-0.7913680672645569,-0.5642350912094116,-1.41904,-0.15241088,3
-0.11661701649427415,-0.1003369390964508,-1.0577566623687744,-0.28390705585479736,-0.95172805,0.81153446,3
0.5547082424163818,-0.203605592250824,-1.2791653871536257,0.08829174935817719,-0.12370021,1.1169671,3
1.3472188711166382,0.3113942146301269,-0.7406189441680908,0.4160356819629669,-0.5870415,0.97341377,3
2.8904356956481934,1.8725969791412356,-0.967367708683014,0.8527923822402954,-0.7174611999999999,1.8429805,3
5.22838020324707,4.700109004974365,-2.453320980072021,0.9971483945846558,1.4071281,1.1933253,3
5.498166561126709,7.268363952636719,-2.65730619430542,0.4152645766735077,3.8069122,-3.4660494,3
5.253591537475586,8.467544555664062,-3.0532023906707764,-0.010450872592628002,1.1621711,-2.289523,3
4.995711326599121,9.732418060302734,-4.400601387023926,-0.3771490752696991,-1.7153096,-1.6352862,3
4.89124059677124,11.425540924072266,-6.343793869018555,-0.7726956009864807,-1.887879,-1.2904528,3
5.055195331573486,12.916366577148438,-7.356124401092528,-1.2674039602279663,-0.85918194,-0.9083565999999998,3
5.328385353088379,12.963818550109865,-7.833904266357423,-1.6321498155593872,0.31337386,-0.35918877,3
5.115580081939697,11.094215393066406,-7.4327330589294425,-1.6656320095062256,-0.6337727,0.14844026,3
4.532198429107666,8.85761833190918,-6.332685947418213,-1.4714024066925049,-0.41386122,-0.46028697,3
3.963538408279419,6.617111206054688,-4.8598480224609375,-1.370868444442749,0.18997909,-0.83199847,3
3.3560070991516118,4.11502742767334,-3.760209083557129,-1.3571604490280151,0.21013765,-0.87598073,3
2.45965838432312,1.0768862962722778,-3.3231232166290283,-1.1133660078048706,0.7675522,-1.1869112,3
1.5750141143798828,-1.795300841331482,-3.173990488052368,-0.4806108772754669,1.2883148000000002,-0.5888741,3
0.9821465015411376,-3.4306955337524414,-2.775940418243408,0.4117750823497772,1.2745703000000002,0.3930918,3
0.6461329460144043,-3.3474941253662114,-2.187798023223877,1.2224221229553225,0.46120325,1.4434745,3
0.31247663497924805,-1.8207107782363887,-1.9720849990844729,1.6017073392868042,-0.58551437,1.853976,3
-0.34369006752967834,1.023720383644104,-2.108773708343506,1.54952871799469,-1.5421293,2.5347853,3
-1.0182327032089231,4.244120121002196,-2.9290800094604488,1.1541223526000977,0.05497787,1.4804319,3
0.14366471767425534,7.134272575378418,-5.217918395996094,0.7849116921424866,2.7198775,0.5717699,3
2.860422372817993,9.54356288909912,-5.364583969116211,1.7024667263031006,-2.3762658,-0.64568454,3
5.2639732360839835,11.003802299499512,-3.549448251724243,2.4780819416046143,-0.37659842,1.1169671,3
7.00283670425415,10.844531059265137,-4.450764656066895,1.8627804517745967,-1.0665708,0.93737274,3
8.427735328674316,10.681182861328123,-6.490005016326903,1.2543375492095947,1.3191634,0.7870999,3
8.600686073303223,10.274214744567873,-7.382137775421143,0.7034026384353638,1.0937542,0.6404922,3
7.021398067474365,9.628951072692873,-7.12285852432251,0.35925331711769104,1.1169671,-0.0125227375,3
4.702239513397217,8.70592212677002,-6.148496150970459,0.17738206684589386,1.6169603,-0.79137594,3
2.3553123474121094,7.613152027130128,-4.70359468460083,-0.15081378817558289,1.2137892,-1.5326608,3
0.28735873103141785,6.106003761291504,-3.09942626953125,-0.527180552482605,-1.3240504,-1.6517797,3
-0.9719146490097046,4.1761837005615225,-1.84539806842804,-0.7276018261909485,-2.0964894,-0.7507534,3
-1.223357319831848,2.443798542022705,-1.0397627353668213,-0.7660470008850098,-1.5705346000000002,-0.52564955,3
-0.5000021457672119,1.5050338506698608,-0.6882033944129944,-0.6308407783508301,-0.78954333,0.29962940000000005,3
0.4606724381446838,1.185571789741516,-0.5650506615638733,-0.3703290224075317,-0.39828414,1.1386528,3
1.0810240507125854,1.233577013015747,-0.5213022232055664,-0.09067583084106444,0.116675265,1.2877040000000002,3
1.3854315280914309,1.5591080188751218,0.17776910960674286,0.1673172414302826,-0.8170323,0.7067711,3
1.6649950742721558,2.304654598236084,0.5340210199356079,0.4705325365066528,-0.05772676700000001,1.0424415,3
3.7912719249725337,5.004262924194336,-1.8211840391159055,0.6541999578475952,0.48838675,4.163047,3
4.8283724784851065,7.432986259460449,-3.4058773517608643,0.047585226595401764,2.5689938,-3.3405166,3
5.757340431213379,8.754349708557129,-3.797528505325317,-0.27995914220809937,1.4474452,-2.1862867,3
6.297169208526611,10.05477523803711,-5.193794250488281,-0.6256259083747864,-2.500577,-1.3897184,3
6.089449405670166,11.625322341918945,-7.2302002906799325,-0.9457387328147888,-1.5952746000000002,-1.5198327,3
5.707097053527832,12.899380683898926,-8.081011772155763,-1.3510156869888306,-0.31184670000000003,-1.0458013000000002,3
5.6416449546813965,13.172805786132812,-8.177585601806639,-1.672937512397766,-0.19883664,-0.29779682,3
5.265015125274658,12.035672187805176,-7.814242839813232,-1.7276068925857544,-1.1911873,0.32711834,3
4.522286415100098,9.927196502685547,-6.961023807525635,-1.5868877172470093,-0.6948592,-0.3894266,3
4.053411960601807,7.641383647918701,-5.677152156829834,-1.558597207069397,0.043676864,-0.6102544,3
3.608355283737183,4.869059085845947,-4.456566333770752,-1.5554565191268919,0.56779927,-0.83108217,3
2.9450371265411377,1.3999791145324707,-3.8242456912994394,-1.216919183731079,1.1572843000000002,-0.84879726,3
2.293906688690185,-1.7737406492233276,-3.439935207366944,-0.455437570810318,1.187522,-0.09743301,3
1.6898146867752075,-2.9387009143829346,-2.618840217590332,0.4152415990829468,0.38759398,0.9324858,3
0.9387354850769044,-2.266342163085937,-1.9766435623168943,1.1327263116836548,-0.54641896,1.7528778000000005,3
-0.027963608503341675,-0.1859893947839737,-1.8568817377090452,1.4530172348022459,-0.75441855,2.3344216,3
-0.918588161468506,2.635840654373169,-2.330440044403076,1.4271682500839231,-0.43371433,1.9165897,3
-0.797424852848053,5.602187156677246,-4.390334129333496,1.0841357707977295,2.9568932,1.711339,3
1.2100563049316406,8.230249404907228,-5.586245059967041,1.0638451576232908,-0.70463306,-0.73975784,3
4.285445690155028,9.97872543334961,-3.4796271324157715,2.240908145904541,-4.402506,-0.5919284,3
7.135112285614014,10.34518051147461,-2.799896240234375,2.419239997863769,0.7370089,1.3359623,3
9.14310359954834,10.086152076721193,-4.7089433670043945,1.599152684211731,1.0876455,0.8940013000000001,3
9.901095390319824,9.867839813232422,-6.926814556121826,1.0524970293045044,1.0180069,0.3100141,3
8.984049797058105,9.728116035461426,-7.627486228942871,0.6695886850357056,0.6988298000000001,0.2611449,3
6.89502477645874,9.29327392578125,-6.8759355545043945,0.4082068204879761,1.0354166,-0.06505715,3
4.608352184295653,8.233423233032228,-5.638079643249513,0.1601887196302414,1.7705929,-1.0027353,3
2.3074238300323486,6.879787921905518,-4.235102653503418,-0.22059431672096247,1.2284501,-1.4523321000000002,3
0.4440601170063019,5.334524631500244,-2.574054002761841,-0.5604851245880127,-0.7877107,-1.3970488,3
-0.5245192646980286,3.762119770050049,-1.246500849723816,-0.7512339949607849,-1.6462818,-0.593761,3
-0.4806448817253113,2.3793094158172607,-0.5117401480674744,-0.7649260163307191,-1.3622295,0.021380283,3
0.1232794150710106,1.4936172962188718,-0.3029005527496338,-0.5779490470886229,-0.88117313,1.0091494,3
0.4458066523075104,1.1576699018478394,-0.5079564452171326,-0.2703763246536255,-0.16646078,1.4114041000000002,3
0.5554791688919067,1.171867609024048,-0.5301446318626404,0.01346450112760067,-0.2284636,1.1194105,3
0.5726955533027649,1.5287413597106934,0.10321320593357086,0.3832991421222687,-1.1047498,0.462425,3
1.4499956369400024,2.5331387519836426,-0.6782432198524475,0.7880184650421143,-0.71685034,1.321607,3
3.9203715324401855,5.059083938598633,-2.78366494178772,0.8373508453369141,0.89552844,2.6105325,3
4.732787609100342,7.590495586395264,-3.770363330841065,0.2397046685218811,2.495079,-2.9636127999999995,3
4.767685890197754,9.09722137451172,-4.03714656829834,-0.13462533056735992,0.906524,-1.6212363,3
5.045465469360352,10.51769733428955,-5.307405471801758,-0.6215932369232178,-1.4352279,-0.92087936,3
5.5614352226257315,12.059654235839846,-7.3588504791259775,-1.0072020292282104,-1.4672983,-0.7626653,3
5.995957374572754,12.585783004760742,-8.466305732727049,-1.4360167980194092,-0.116675265,-1.2055426,3
6.072526931762695,12.19156551361084,-8.681923866271973,-1.6321383714675903,0.092240654,-1.5265521999999998,3
5.7249512672424325,11.280622482299805,-8.150874137878418,-1.5915687084197998,-0.63194007,-0.48075095,3
4.948383331298828,9.863144874572754,-6.921003341674805,-1.4686833620071411,-0.8527679,-0.32009340000000003,3
4.437420845031738,8.19450569152832,-5.496088981628418,-1.4758435487747192,0.1432479,-0.11636983,3
3.915114641189575,5.690324783325195,-4.342802047729491,-1.5759433507919312,0.77182823,-0.1777618,3
3.1037697792053223,2.219296932220459,-3.6274876594543457,-1.379741907119751,1.4785993,-0.8707884,3
2.1394910812377934,-1.3330718278884888,-3.041694164276123,-0.739953339099884,1.1942415000000002,-0.7663304,3
1.2328640222549438,-3.639751434326172,-2.244753360748291,0.11954665184020995,0.47861293,-0.16340645,3
0.4238342046737671,-3.920392274856568,-1.5890759229660034,0.9336398839950562,-0.40225476,1.0543534,3
-0.5032631754875183,-2.4195327758789062,-1.4292513132095337,1.4052772521972656,-0.90010995,2.0882428,3
-1.157716989517212,0.28753569722175604,-1.990273118019104,1.4745306968688965,-0.23518312,1.8411479,3
-0.7613403201103209,3.5049376487731934,-4.0687665939331055,1.0912467241287231,3.9376373,2.5692992,3
1.0393202304840088,6.4963226318359375,-5.103421688079834,0.8439958095550537,-0.6649268,-0.6435465,3
3.8210854530334473,8.341702461242676,-2.694469928741455,1.9593539237976076,-4.392732,-0.72021013,3
6.64835786819458,8.987174987792969,-2.177706480026245,2.20237398147583,1.6398678,1.1664472,3
8.599862098693848,8.939173698425293,-4.4431633949279785,1.338543176651001,0.97066486,0.9575313,3
8.995866775512695,8.880864143371582,-6.368152618408202,0.8260672688484192,0.7312057,0.48197266,3
7.91627025604248,8.788287162780763,-6.808064937591553,0.4848920404911041,0.1957823,0.33750305,3
6.081685543060303,8.443498611450195,-6.217892169952393,0.2649626135826111,0.5403103,0.20891592,3
3.919722318649292,7.74155330657959,-5.247327327728272,0.06644568592309953,1.78617,-0.88270026,3
1.5899463891983032,6.9122724533081055,-3.959411144256592,-0.2991270422935486,1.7980819,-1.632232,3
-0.25652918219566345,5.698596954345702,-2.325237274169922,-0.6317863464355469,-1.1588113000000002,-1.4633276000000002,3
-1.103749394416809,4.062615871429443,-1.0523762702941897,-0.8011540174484253,-2.379931,-0.71685034,3
-0.9390077590942384,2.4160284996032715,-0.4853264689445496,-0.8064616918563843,-1.5085316999999998,0.095294975,3
-0.164390429854393,1.3007372617721558,-0.4163165986537933,-0.5718914270401001,-0.72173727,1.0482447,3
0.4430568516254425,0.8382565975189209,-0.5662636160850525,-0.2546993494033813,0.15454891,1.4327843999999998,3
0.9300278425216676,0.7723740339279175,-0.20896050333976746,0.12957505881786344,-0.8732319,1.1746938,3
1.3210673332214355,1.1187524795532229,-0.22083987295627594,0.609281063079834,-0.88514376,1.4969252,3
2.793154001235962,2.8849923610687256,-1.5355443954467771,1.078921914100647,0.50885075,2.9825497000000003,3
3.9627277851104736,5.8830647468566895,-2.392102003097534,0.7482782602310181,1.428203,-2.531731,3
4.084397792816162,8.229573249816895,-2.629351854324341,0.13488027453422546,2.3726006,-2.5405886000000004,3
4.259601593017578,9.82525634765625,-4.179737567901611,-0.4160584509372711,-1.3640621000000002,-0.929126,3
4.8175392150878915,11.18622589111328,-6.623046398162843,-0.850107729434967,-2.0033326,-0.20372356,3
5.508158206939697,12.258328437805176,-7.923914909362793,-1.293843150138855,-1.1902708999999998,-0.30818152,3
5.982126235961914,12.706217765808105,-8.289017677307129,-1.6739457845687866,-0.26206118,-1.3289373,3
6.228180885314941,12.294939041137695,-8.55497932434082,-1.7212574481964111,0.08216137400000001,-0.46731192,3
5.8649492263793945,10.691637992858887,-7.990654945373535,-1.5956686735153198,-0.9334021,-0.6096435,3
5.347102642059326,8.889546394348145,-6.728163242340088,-1.5106741189956665,-0.19150625,-0.6640105,3
4.547909736633301,6.798943042755128,-5.440093517303467,-1.6150356531143188,0.36957347,-0.44409904,3
3.2764077186584477,3.6020107269287114,-4.556141376495361,-1.6349375247955322,1.215011,-0.8906415000000001,3
1.9551594257354736,-0.1215989962220192,-3.939688920974731,-1.206992745399475,1.7675385,-0.63499445,3
0.8696107864379883,-3.3025031089782715,-3.243005514144897,-0.3596204221248627,1.4697418,-0.29138273,3
0.18050473928451535,-4.4528889656066895,-2.367011070251465,0.5204594135284424,0.2134974,0.5329799,3
-0.4899769723415375,-3.4882113933563232,-1.6542714834213257,1.1248589754104614,-0.49938235,1.3408492,3
-1.0002751350402832,-1.1764835119247437,-1.398376226425171,1.3568450212478638,0.26419923,1.2666291,3
-0.8443304896354675,1.6598256826400757,-2.183900117874145,1.293257474899292,1.6313156,1.5216653,3
0.3666864931583405,4.828034400939941,-4.523414134979248,1.1015828847885132,1.1994339,2.5546384,3
2.984966278076172,7.250034809112549,-4.441872596740723,1.1494390964508057,-2.0583105,-0.79412484,3
5.39337682723999,8.078707695007324,-3.7567548751831055,1.972682356834412,-2.2763894,-0.655153,3
7.347524166107178,8.276304244995117,-4.795220375061035,1.9203896522521973,1.7201965,0.61117065,3
8.845449447631836,8.78159236907959,-6.610939979553223,1.3284648656845093,1.3839152,0.42332962,3
8.947762489318848,9.131957054138184,-7.533726215362549,0.9926980137825012,0.42852196,0.17837265,3
7.7058677673339835,9.244067192077637,-7.323778629302978,0.7415202856063843,0.27855456,0.16401732,3
5.798054218292236,8.998757362365723,-6.3636436462402335,0.5142228007316589,1.0302242,-0.3463606,3
3.5612409114837646,8.07210636138916,-5.082693576812744,0.19667282700538635,1.5564847,-0.9828822,3
1.4546066522598269,6.712154865264893,-3.6815688610076895,-0.26292285323143005,0.8237518,-1.2916746,3
0.1260877102613449,5.083109855651856,-2.1822967529296875,-0.6132718324661255,-0.98440933,-1.0937542,3
-0.4050767123699188,3.2344648838043213,-1.2158060073852541,-0.7194250226020813,-1.824349,-0.6374379,3
-0.20532800257205966,1.4601552486419678,-0.8842570185661316,-0.5593864917755127,-1.4556919,0.32834008,3
0.35601821541786194,0.4024805724620819,-0.9971472024917604,-0.2496189624071121,-0.4905248,1.0916162,3
0.6673203110694885,0.3381646275520325,-0.9448931217193604,0.02773628383874893,0.051618114000000014,1.0338894,3
0.7471784353256226,0.9878297448158264,-0.5485861897468567,0.2556934356689453,0.1600467,0.6783658,3
1.2599923610687256,2.634110450744629,-0.025648383423686028,0.5008382201194763,-1.1835514,0.46883908,3
3.472209453582764,5.3222317695617685,-1.4985063076019287,0.7288163900375366,1.1539245,1.8420641,3
4.4678993225097665,7.747213363647461,-2.4690093994140625,0.16505169868469238,1.5726726,-2.4883597,3
4.832447052001953,8.576740264892576,-3.4527456760406494,-0.5843364000320435,0.12889257,-1.0751228000000002,3
5.105186462402344,9.188799858093262,-5.479737281799316,-0.893224835395813,-1.7440202,-0.8216136999999999,3
5.554941654205322,10.742303848266602,-7.652974605560303,-1.000184416770935,-1.2483031999999998,-0.91996306,3
6.066831588745117,12.344990730285645,-8.652819633483888,-1.275396466255188,-1.6652186999999998,-1.3561208,3
6.2810821533203125,13.03978157043457,-9.180569648742676,-1.575004816055298,-0.116675265,-0.28985557,3
6.0078063011169425,11.890180587768555,-8.885258674621582,-1.7429004907608032,-1.0778716999999998,-0.076052725,3
5.231378078460693,9.659051895141602,-7.693131446838379,-1.6943988800048828,-0.5235115,-0.3820962,3
4.440299987792969,7.164963722229004,-6.169630527496338,-1.6087745428085327,0.59742624,-0.61727935,3
3.693735361099243,4.4744601249694815,-4.755474090576172,-1.4870784282684326,0.6056729000000001,-0.75961095,3
2.9750301837921143,1.4567105770111084,-3.916771650314331,-1.1645680665969849,1.2724323,-0.84513205,3
2.369496583938598,-1.2661051750183103,-3.604183435440064,-0.5258358120918274,1.4147639,-0.3707952000000001,3
1.8532397747039795,-2.432293653488159,-2.9544057846069336,0.27050161361694336,0.70707655,0.35888332,3
1.2894352674484253,-2.0329833030700684,-2.2023813724517822,0.9185870289802552,0.004886922,1.2144,3
0.6544041633605957,-0.5191341638565063,-1.7743659019470217,1.214462161064148,-0.18906279,1.713477,3
0.15999886393547058,1.933063626289368,-1.8043755292892456,1.217571496963501,-0.14996742,2.3301454,3
-0.1571565717458725,4.934280872344972,-3.173958301544189,0.8840115070343018,0.4990769000000001,3.2290337000000005,3
0.9811577796936036,7.670747756958008,-4.946980953216553,0.5989331603050232,1.4217888,0.310625,3
3.8006863594055176,9.227256774902344,-3.2631173133850098,1.566844463348389,-4.614781400000001,-0.7791585999999999,3
6.548543453216553,9.582540512084961,-2.3673250675201416,2.0517373085021973,0.7867944,0.7312057,3
8.528730392456055,9.286011695861816,-3.53615665435791,1.35463285446167,1.5296066,0.7791585999999999,3
9.486600875854492,9.30367374420166,-5.300674915313722,0.8828433752059937,-0.07788532,0.40378192,3
8.512056350708008,9.343802452087402,-6.040746212005615,0.6619162559509277,-0.08857546,0.016798794,3
6.663755893707275,9.340362548828123,-5.836517810821532,0.4533001184463501,0.92149025,-0.1863139,3
4.743977546691895,8.837035179138184,-4.9504427909851065,0.14668376743793488,2.559831,-0.6771441,3
2.9599554538726807,7.1975975036621085,-3.4055390357971187,-0.324342280626297,1.5393803999999998,-0.75533485,3
1.5332297086715698,4.907774925231934,-1.9628646373748782,-0.6785552501678467,-0.958753,-0.91751957,3
0.050887055695056915,2.4351632595062256,-1.08853280544281,-0.7549948692321777,-2.627026,-0.80909103,3
-0.8108636736869812,0.5830733776092529,-1.1054905652999878,-0.5858396291732788,-1.6310102,0.24007004,3
-1.0626778602600098,-0.25521454215049744,-1.451863169670105,-0.34846755862236023,-1.2953397,0.7296785,3
-1.0644675493240356,-0.3765257894992829,-1.6779155731201172,-0.1213761419057846,-1.398576,0.7788531999999999,3
-0.7277030348777771,0.04982120543718338,-1.469622015953064,0.14296039938926694,-1.5283848,0.29504790000000003,3
0.8118526339530945,1.7007739543914795,-0.9603416323661804,0.4230538308620453,-2.6184738,1.4850134,3
3.3244724273681636,4.57999324798584,-2.1765925884246826,0.6775475144386292,0.17928895,2.300824,3
4.217877388000488,6.633774280548097,-2.686240673065185,-0.06880348175764084,2.9281826,-3.2253685,3
4.538586616516113,7.142357349395753,-3.7750864028930655,-0.561084508895874,0.1151481,-0.88361657,3
4.817368507385254,7.624349117279053,-5.7730913162231445,-0.5690293312072754,-1.9798143,-0.50610185,3
4.656599044799805,9.366493225097656,-6.941784858703612,-0.6498374342918396,-1.6756034,-1.4819591,3
5.066576957702637,10.786280632019043,-7.459847927093506,-1.018173098564148,-1.6975945,-1.2061534,3
5.48993730545044,10.396080017089844,-8.08671760559082,-1.2354971170425415,-1.0555751,0.28588495,3
5.166550636291504,8.618481636047362,-7.6793556213378915,-1.3782421350479126,-1.9211712,0.09010262,3
4.411177635192871,6.706688404083253,-6.586390972137451,-1.4191291332244873,-0.61422503,-0.33964106,3
3.69495153427124,4.616103172302246,-5.123222827911377,-1.412527084350586,0.93645644,-0.6914994999999999,3
3.1463968753814697,2.254929780960083,-3.635276317596436,-1.3461438417434692,0.68019843,-1.1136073,3
2.6041646003723145,-0.16871197521686554,-2.8399617671966557,-1.0714598894119265,-0.14569137,-0.9789116,3
1.8768386840820312,-2.1879611015319824,-2.596821546554565,-0.4528454840183258,-0.44959682,-0.49663344,3
1.1236097812652588,-3.0923843383789062,-2.362494945526123,0.2822948098182678,-0.4801401,-0.005192355,3
0.6126865744590759,-2.8617064952850337,-2.0781896114349365,0.8499380946159363,0.116675265,0.7415904000000001,3
0.4840525984764099,-1.7284748554229736,-1.7959237098693848,1.0959231853485107,0.33261612,1.5302174,3
0.4935791194438934,0.03895394131541252,-1.659176230430603,1.1528370380401611,0.108123146,1.6893479,3
0.4685136377811432,2.2820467948913574,-1.8309308290481567,1.1192768812179563,-0.12461651,1.7507398,3
0.6566876769065857,5.123769760131836,-2.9934313297271733,0.9931017160415648,0.18417588,2.303573,3
2.3163087368011475,7.817180156707764,-4.956947326660156,0.8415507674217224,0.49388456,-1.3683381,3
5.039802074432373,9.783947944641113,-4.004147529602052,1.5968217849731443,-2.8817568,-1.1044444,3
7.005125522613525,10.020272254943848,-4.1999568939208975,1.660454273223877,1.5476271,0.2144137,3
8.584184646606445,10.034279823303224,-5.443203926086426,1.10478675365448,1.2168436000000002,0.8732319,3
8.920257568359375,10.067986488342283,-6.522490501403809,0.73295658826828,0.226631,0.83108217,3
7.943284511566162,9.943134307861328,-6.779866695404053,0.4850809872150421,-0.26939157,0.2846632,3
6.4597578048706055,9.852288246154783,-6.283946990966798,0.2846708297729492,-0.12736541,-0.21930063,3
4.701719760894775,9.307283401489258,-5.36142110824585,-0.05857479199767113,1.5430456,-0.81336707,3
2.677077293395996,7.876107692718506,-4.23505449295044,-0.5017858743667603,1.2632693000000002,-1.4181237,3
0.9831468462944032,5.753586769104004,-2.860380887985229,-0.7937275171279907,-0.8594874,-1.1261301,3
-0.09724463522434236,3.296219110488892,-1.7217239141464231,-0.8593469858169556,-2.3515258,-0.47678033,3
-0.3657921254634857,1.1179616451263428,-1.2557779550552368,-0.7362846136093141,-1.999362,0.4092797,3
-0.1455732434988022,-0.05798132717609405,-1.2041887044906616,-0.4972615838050842,-1.1548406999999998,0.72509706,3
0.2431255578994751,-0.4111257195472717,-1.1652963161468506,-0.26192623376846313,-0.63804877,0.70646566,3
0.872974693775177,-0.1722199022769928,-0.9210633039474488,0.002587613882496953,-0.54428095,0.64568454,3
2.265317440032959,1.6553013324737549,-1.1009763479232788,0.2830903232097626,-1.3209959999999998,1.430341,3
4.1352014541625985,4.653897762298584,-1.6496732234954834,0.7148549556732178,2.4284947,4.0717225,3
3.612869024276733,6.962148189544678,-1.5002036094665527,0.2597011625766754,3.0928106,-3.2171218,3
2.675503730773926,7.427845478057861,-2.1531307697296143,-0.3254770338535309,0.7302894,-1.2705997,3
1.8013371229171753,8.132731437683105,-4.145539283752441,-0.5086422562599182,-3.1569517000000005,-0.43004912,3
1.722944259643555,9.870473861694336,-5.985513210296631,-0.5041857361793518,-2.0073032,-0.0021380284,3
2.671969175338745,11.613081932067873,-6.294393539428711,-0.651792049407959,-3.1609223,-0.49174652,3
3.829875946044922,12.389863967895508,-6.6852965354919425,-0.969765305519104,-1.1242975,-0.08521569999999999,3
4.560670852661133,11.661189079284668,-6.625678062438965,-1.291740894317627,-1.8952094,-0.038179077,3
4.445635795593262,10.066576957702637,-6.232394218444824,-1.5263582468032837,-2.3649647000000003,-0.071776666,3
3.759663820266724,8.070869445800781,-5.6202054023742685,-1.570311188697815,-1.2257011,-0.2574797,3
2.8751795291900635,5.761014461517334,-4.7408447265625,-1.5219056606292725,-0.09987647,-0.8521569999999999,3
2.1299161911010738,3.2548143863677983,-3.781773090362549,-1.369267225265503,-0.07147124,-1.1285735,3
1.6397011280059814,0.6708776950836182,-3.051138162612915,-0.9849282503128052,-0.46303585,-0.50640726,3
1.1458338499069214,-1.5411367416381836,-2.436448335647583,-0.423170417547226,-0.99082345,0.25809056,3
0.5983214378356934,-2.572772741317749,-1.930252313613892,0.1959884762763977,-1.1896601,0.7473936,3
0.07887917757034303,-2.3759634494781494,-1.628795504570007,0.7009203433990479,-1.0943651,1.0735956,3
-0.17254836857318878,-1.2133804559707642,-1.465024709701538,0.990767776966095,-0.87017757,1.3289373,3
0.22710342705249786,0.9132487177848816,-1.9263566732406616,1.08453369140625,-0.4908302,1.6163495,3
1.4355381727218628,3.8794279098510738,-3.4172897338867188,0.982318639755249,-0.22510384,3.542102,3
3.1979031562805176,6.785129070281982,-5.303796768188477,0.5720167756080627,-0.54183745,0.30695978,3
5.792696475982666,8.664801597595215,-4.6824073791503915,1.222044825553894,-3.3405166,-1.3997977,3
7.7522335052490225,9.444704055786133,-4.414901256561278,1.7254472970962524,0.94714653,0.41447207,3
8.751528739929201,10.206467628479004,-5.50164794921875,1.1895298957824707,1.7052304,0.627664,3
9.28759479522705,10.993776321411133,-7.04547643661499,0.6613098382949829,0.30787608,1.1139128,3
8.837028503417969,11.279548645019533,-8.083443641662598,0.3879272639751434,-0.9104946,0.97219205,3
7.605979919433594,11.132097244262695,-8.166720390319824,0.31673508882522583,-1.4446963,0.35705075,3
6.144375801086426,10.583261489868164,-7.546939373016357,0.17239509522914884,-0.028710667,-0.20616703,3
4.620615482330322,9.534918785095217,-6.378907680511475,-0.24531130492687225,0.6227771,-0.6627888000000001,3
3.1334919929504395,7.987061023712157,-4.7924394607543945,-0.7639307379722595,0.57910025,-1.2043208,3
2.2793347835540767,5.837071418762207,-3.4321384429931636,-1.1314760446548462,-1.4132367,-0.5479460999999999,3
1.7638283967971802,3.2575857639312744,-2.7365338802337646,-1.1796321868896484,-2.3011293,-0.10720685,3
1.411000370979309,1.2154035568237305,-2.4121499061584477,-0.9658272862434388,-1.6997325,0.3100141,3
1.290536403656006,0.2707671523094177,-2.14029860496521,-0.6879504919052124,-0.73364913,0.5140431,3
1.5350841283798218,0.23864346742630005,-1.6468855142593384,-0.4676380753517151,-0.51343226,0.59223384,3
2.0157129764556885,0.9788157939910888,-0.8558862805366516,-0.2664836347103119,-0.5143485,0.50854534,3
3.190317392349243,2.8899264335632324,-0.17249751091003418,-0.08553797006607056,-0.5476406999999999,0.64476824,3
4.615456581115723,5.685507297515869,-1.2722535133361816,0.23876997828483584,0.68630713,2.010663,3
4.343095302581787,7.772684097290039,-2.1202757358551025,-0.15251466631889346,0.6646214,-0.71837753,3
3.7160129547119136,8.059734344482424,-3.2911877632141118,-0.7860133647918701,-0.956615,-0.8604037,3
3.6975796222686768,9.021880149841307,-5.243353366851807,-0.8232977390289307,-1.7858646,-0.30482176,3
4.128689765930177,10.73285961151123,-6.532322883605957,-0.9382991790771484,-1.9150625,-0.6407976,3
4.658891677856445,12.320451736450195,-6.835777759552003,-1.2790031433105469,-2.031127,-0.5161811,3
5.058786869049072,12.884952545166016,-7.3432393074035645,-1.501939058303833,-1.142318,0.23365596,3
5.06702184677124,11.81047248840332,-7.359366416931152,-1.6279561519622805,-1.8032742,0.25259277,3
4.626904010772705,10.149951934814453,-6.958785057067871,-1.6369646787643433,-1.8842138,-0.048258353,3
3.897043943405152,8.064830780029299,-5.967375755310059,-1.5238357782363892,-0.75136423,-0.6414085,3
3.354588508605957,5.828941822052003,-4.7080512046813965,-1.3881559371948242,-0.11056661,-1.039998,3
3.075279951095581,3.441816806793213,-3.701258659362793,-1.1939281225204468,-0.0720821,-1.0054842,3
2.9178779125213623,0.964038610458374,-3.1607160568237305,-0.8006385564804077,-0.29718593,-0.42821655,3
2.4231443405151367,-1.1556333303451538,-2.623337984085083,-0.27890637516975403,-0.88147855,0.03390302,3
1.5162943601608276,-2.341582059860229,-1.9493083953857424,0.24211598932743075,-1.1786644,0.6215554,3
0.4690544903278351,-2.4068150520324707,-1.4606560468673706,0.7011159658432007,-0.8594874,1.1395692,3
